Dataset : IP
N times : 25
TAU : 1.8
83.59839984388721 Overall accuracy (%)
81.48860522568613 Kappa accuracy (%)
86.00909274698438 Average accuracy (%)

              precision    recall  f1-score   support

           1       0.21      1.00      0.34        46
           2       0.76      0.83      0.80      1428
           3       0.95      0.84      0.89       830
           4       0.49      0.70      0.58       237
           5       0.95      0.83      0.88       483
           6       0.99      0.99      0.99       730
           7       0.09      1.00      0.17        28
           8       1.00      0.76      0.86       478
           9       0.35      1.00      0.52        20
          10       0.89      0.78      0.83       972
          11       0.92      0.79      0.85      2455
          12       0.75      0.69      0.72       593
          13       0.70      0.83      0.76       205
          14       0.99      1.00      0.99      1265
          15       0.93      0.78      0.85       386
          16       0.48      0.94      0.63        93

    accuracy                           0.84     10249
   macro avg       0.72      0.86      0.73     10249
weighted avg       0.88      0.84      0.85     10249

[[  46    0    0    0    0    0    0    0    0    0    0    0    0    0
     0    0]
 [  13 1191    4   61    2    0    0    0    0   12   77   68    0    0
     0    0]
 [   0   24  694   91    9    0    0    0    5    0    4    3    0    0
     0    0]
 [   0   25   24  166    0    0    0    0    0    0    0   20    0    0
     0    2]
 [   0    0    0    6  400    1   31    0   32    5    8    0    0    0
     0    0]
 [   0    0    0    0    0  725    4    0    0    0    1    0    0    0
     0    0]
 [   0    0    0    0    0    0   28    0    0    0    0    0    0    0
     0    0]
 [ 117    0    0    0    0    0    0  361    0    0    0    0    0    0
     0    0]
 [   0    0    0    0    0    0    0    0   20    0    0    0    0    0
     0    0]
 [  14    6    0    0    0    0  127    0    0  760   61    4    0    0
     0    0]
 [   0  285    0   13    2    2   98    0    0   69 1946   31    0    0
     9    0]
 [  31   31    4    0    1    0    0    0    0    9    7  412    0    3
     1   94]
 [   0    0    5    0    8    0    0    0    0    0    4    3  170    5
    10    0]
 [   0    0    0    0    0    0    0    0    0    0    0    0    2 1259
     4    0]
 [   0    0    0    0    0    1   10    0    0    0    0    0   72    0
   303    0]
 [   0    0    0    0    0    0    0    0    0    0    0    6    0    0
     0   87]]