Dataset : IP
N times : 25
TAU : 1.8
85.07171431359157 Overall accuracy (%)
83.06386070774793 Kappa accuracy (%)
87.06510323709422 Average accuracy (%)

              precision    recall  f1-score   support

           1       0.23      0.89      0.37        46
           2       0.84      0.74      0.78      1428
           3       0.84      0.87      0.85       830
           4       0.33      0.72      0.45       237
           5       1.00      0.87      0.93       483
           6       0.99      1.00      0.99       730
           7       0.32      1.00      0.49        28
           8       0.98      0.81      0.89       478
           9       0.71      1.00      0.83        20
          10       0.76      0.65      0.70       972
          11       0.92      0.91      0.91      2455
          12       0.76      0.66      0.71       593
          13       0.85      0.90      0.88       205
          14       1.00      1.00      1.00      1265
          15       0.98      0.92      0.95       386
          16       0.63      1.00      0.77        93

    accuracy                           0.85     10249
   macro avg       0.76      0.87      0.78     10249
weighted avg       0.88      0.85      0.86     10249

[[  41    0    0    0    0    0    0    4    0    1    0    0    0    0
     0    0]
 [   0 1055   47  234    0    0    0    0    0   42   39    5    0    6
     0    0]
 [   0    1  718   96    0    0    0    0    5    0    0   10    0    0
     0    0]
 [   0   34   28  170    0    0    0    0    0    0    0    4    0    0
     0    1]
 [   0    0    0    0  420    0   53    0    2    6    2    0    0    0
     0    0]
 [   0    0    0    0    0  729    1    0    0    0    0    0    0    0
     0    0]
 [   0    0    0    0    0    0   28    0    0    0    0    0    0    0
     0    0]
 [  90    0    0    0    0    0    0  388    0    0    0    0    0    0
     0    0]
 [   0    0    0    0    0    0    0    0   20    0    0    0    0    0
     0    0]
 [  41   54    0   10    0    1    0    3    0  628  150   85    0    0
     0    0]
 [   1   68   12    7    1    7    5    0    0   95 2233   18    2    0
     6    0]
 [   2   47   36    5    1    0    0    0    0   49    7  392    0    0
     0   54]
 [   0    0   16    0    0    0    0    0    1    0    0    0  185    0
     3    0]
 [   0    1    0    0    0    0    0    0    0    0    0    0    0 1264
     0    0]
 [   0    0    0    0    0    0    0    0    0    1    0    0   30    0
   355    0]
 [   0    0    0    0    0    0    0    0    0    0    0    0    0    0
     0   93]]