Dataset : IP
N times : 25
TAU : 1.8
84.58386184017954 Overall accuracy (%)
82.60753512299621 Kappa accuracy (%)
87.37929581475345 Average accuracy (%)

              precision    recall  f1-score   support

           1       0.33      0.76      0.46        46
           2       0.74      0.75      0.75      1428
           3       0.82      0.86      0.84       830
           4       0.31      0.63      0.42       237
           5       0.98      0.86      0.92       483
           6       0.98      1.00      0.99       730
           7       0.35      1.00      0.51        28
           8       0.97      0.87      0.92       478
           9       0.69      1.00      0.82        20
          10       0.88      0.85      0.87       972
          11       0.92      0.75      0.83      2455
          12       0.74      0.89      0.81       593
          13       0.86      0.86      0.86       205
          14       1.00      1.00      1.00      1265
          15       0.97      0.92      0.95       386
          16       0.64      0.97      0.77        93

    accuracy                           0.85     10249
   macro avg       0.76      0.87      0.79     10249
weighted avg       0.87      0.85      0.85     10249

[[  35    0    0    0    0    0    0   11    0    0    0    0    0    0
     0    0]
 [   8 1075   20  168    0    0    0    0    0    6   35  116    0    0
     0    0]
 [   0   17  710   90    0    0    0    0    1    0    3    9    0    0
     0    0]
 [   0   37   18  150    0    0    0    0    0    0    9   23    0    0
     0    0]
 [   1    3    1    2  415    0   53    0    4    0    4    0    0    0
     0    0]
 [   0    0    0    0    0  729    0    0    0    0    1    0    0    0
     0    0]
 [   0    0    0    0    0    0   28    0    0    0    0    0    0    0
     0    0]
 [  61    0    0    0    0    0    0  417    0    0    0    0    0    0
     0    0]
 [   0    0    0    0    0    0    0    0   20    0    0    0    0    0
     0    0]
 [   0   20    0    0    1    1    0    0    0  831  113    6    0    0
     0    0]
 [   0  288  104   64    3   14    0    0    0  100 1848   30    0    0
     4    0]
 [   0   11    0    0    0    0    0    0    0    3    0  529    0    0
     0   50]
 [   0    0   17    0    0    0    0    0    4    0    0    0  177    0
     7    0]
 [   1    0    0    3    1    0    0    0    0    0    0    0    0 1259
     0    1]
 [   0    0    0    0    2    0    0    0    0    0    0    0   28    0
   356    0]
 [   0    0    0    0    0    0    0    0    0    0    0    3    0    0
     0   90]]