Dataset : IP
N times : 25
TAU : 1.8
99.53555555555556 Overall accuracy (%)
99.44266666666667 Kappa accuracy (%)
99.53555555555556 Average accuracy (%)

              precision    recall  f1-score   support

           0       1.00      1.00      1.00     15000
           1       1.00      1.00      1.00     15000
           2       1.00      1.00      1.00     15000
           3       0.98      1.00      0.99     15000
           4       1.00      0.98      0.99     15000
           5       1.00      1.00      1.00     15000

    accuracy                           1.00     90000
   macro avg       1.00      1.00      1.00     90000
weighted avg       1.00      1.00      1.00     90000

[[14999     0     1     0     0     0]
 [   53 14947     0     0     0     0]
 [    0     0 15000     0     0     0]
 [    0     0     0 15000     0     0]
 [    0     0     0   364 14636     0]
 [    0     0     0     0     0 15000]]