Dataset : IP
N times : 25
TAU : 1.8
87.69636062054835 Overall accuracy (%)
86.04937938845431 Kappa accuracy (%)
85.96331873380272 Average accuracy (%)

              precision    recall  f1-score   support

           1       0.20      0.76      0.32        46
           2       0.87      0.81      0.84      1428
           3       0.90      0.87      0.88       830
           4       0.44      0.73      0.55       237
           5       0.94      0.83      0.88       483
           6       0.98      1.00      0.99       730
           7       0.23      1.00      0.38        28
           8       0.97      0.73      0.83       478
           9       0.32      1.00      0.48        20
          10       0.95      0.96      0.95       972
          11       0.97      0.94      0.96      2455
          12       0.87      0.53      0.66       593
          13       0.68      0.87      0.76       205
          14       1.00      0.99      1.00      1265
          15       0.95      0.73      0.83       386
          16       0.33      0.99      0.49        93

    accuracy                           0.88     10249
   macro avg       0.72      0.86      0.74     10249
weighted avg       0.91      0.88      0.89     10249

[[  35    0    0    0    0    1    0   10    0    0    0    0    0    0
     0    0]
 [   7 1155   50  163    2    0    0    0    0    0   24   25    0    2
     0    0]
 [   0   10  721   56    3    0    1    0   25    0    7    7    0    0
     0    0]
 [   0   40   16  173    0    0    0    0    0    0    1    7    0    0
     0    0]
 [   0    4    0    1  401    2   36    0   18    3   17    0    0    0
     1    0]
 [   0    0    0    0    0  728    2    0    0    0    0    0    0    0
     0    0]
 [   0    0    0    0    0    0   28    0    0    0    0    0    0    0
     0    0]
 [ 127    0    0    0    0    0    0  351    0    0    0    0    0    0
     0    0]
 [   0    0    0    0    0    0    0    0   20    0    0    0    0    0
     0    0]
 [   1    0    0    0    5    0   20    0    0  932    9    5    0    0
     0    0]
 [   0   77   11    3    3   13   11    0    0   10 2319    1    6    0
     1    0]
 [   1   40    0    0    5    0    0    2    0   39    0  316    0    0
     0  190]
 [   0    0    7    0    2    0    0    0    0    0    4    0  179    0
    13    0]
 [   1    6    0    0    1    1    0    0    0    0    0    0    1 1255
     0    0]
 [   0    0    0    0    3    0   23    0    0    0    0    0   77    0
   283    0]
 [   0    0    0    0    0    0    0    0    0    0    0    1    0    0
     0   92]]