Dataset : IP
N times : 25
TAU : 1.8
90.16489413601327 Overall accuracy (%)
88.84498503676299 Kappa accuracy (%)
90.61102520073247 Average accuracy (%)

              precision    recall  f1-score   support

           1       0.30      0.96      0.45        46
           2       0.89      0.87      0.88      1428
           3       0.89      0.84      0.86       830
           4       0.48      0.76      0.59       237
           5       0.90      0.85      0.88       483
           6       1.00      0.99      0.99       730
           7       0.23      1.00      0.38        28
           8       0.99      0.82      0.90       478
           9       0.51      1.00      0.68        20
          10       0.94      0.96      0.95       972
          11       0.96      0.90      0.93      2455
          12       0.88      0.88      0.88       593
          13       0.87      0.89      0.88       205
          14       1.00      0.97      0.98      1265
          15       1.00      0.87      0.93       386
          16       0.62      0.95      0.75        93

    accuracy                           0.90     10249
   macro avg       0.78      0.91      0.81     10249
weighted avg       0.92      0.90      0.91     10249

[[  44    0    0    0    0    0    0    2    0    0    0    0    0    0
     0    0]
 [  10 1246    5   60    0    0    0    0    0    4   87   16    0    0
     0    0]
 [   0    4  695  113    0    0    0    0   12    0    0    6    0    0
     0    0]
 [   0   16   27  179    0    0    0    0    0    0    6    9    0    0
     0    0]
 [   0    0    0    0  411    0   70    0    2    0    0    0    0    0
     0    0]
 [   0    0    0    0    3  721    1    0    0    0    5    0    0    0
     0    0]
 [   0    0    0    0    0    0   28    0    0    0    0    0    0    0
     0    0]
 [  88    0    0    0    0    0    0  390    0    0    0    0    0    0
     0    0]
 [   0    0    0    0    0    0    0    0   20    0    0    0    0    0
     0    0]
 [   4    3    0    0    0    0    0    0    0  932    1   32    0    0
     0    0]
 [   0  127   32   20    5    0    0    0    3   46 2221    1    0    0
     0    0]
 [   2    8    4    0    1    0    0    0    0    5    0  522    0    0
     0   51]
 [   0    0   18    1    0    0    0    0    2    0    0    1  183    0
     0    0]
 [   1    0    0    1   32    0    0    0    0    0    0    1    2 1225
     0    3]
 [   0    0    0    0    3    0   21    0    0    0    0    0   26    0
   336    0]
 [   0    0    0    0    0    0    0    0    0    1    0    4    0    0
     0   88]]