Dataset : IP
N times : 25
TAU : 1.8
85.37418284710704 Overall accuracy (%)
83.44452019392321 Kappa accuracy (%)
88.08757203451917 Average accuracy (%)

              precision    recall  f1-score   support

           1       0.38      0.83      0.52        46
           2       0.80      0.72      0.76      1428
           3       0.90      0.80      0.85       830
           4       0.46      0.80      0.58       237
           5       1.00      0.87      0.93       483
           6       0.99      1.00      0.99       730
           7       0.36      1.00      0.53        28
           8       0.98      0.89      0.93       478
           9       0.39      1.00      0.56        20
          10       0.84      0.88      0.86       972
          11       0.88      0.81      0.84      2455
          12       0.74      0.88      0.80       593
          13       0.87      0.69      0.77       205
          14       1.00      0.99      0.99      1265
          15       0.86      0.96      0.91       386
          16       0.55      1.00      0.71        93

    accuracy                           0.85     10249
   macro avg       0.75      0.88      0.78     10249
weighted avg       0.87      0.85      0.86     10249

[[  38    0    0    0    0    0    0    7    0    0    0    1    0    0
     0    0]
 [   0 1032   12  107    0    0    0    0    1   39  135   84    0    0
     0   18]
 [   0    3  666   95    0    0    0    0   21    0   32   12    1    0
     0    0]
 [   0   25   17  189    0    0    0    0    0    0    0    6    0    0
     0    0]
 [   0    0    0    1  420    0   50    0    0    0    0   11    0    1
     0    0]
 [   0    0    0    0    0  728    0    0    0    0    0    0    1    0
     1    0]
 [   0    0    0    0    0    0   28    0    0    0    0    0    0    0
     0    0]
 [  53    0    0    0    0    0    0  425    0    0    0    0    0    0
     0    0]
 [   0    0    0    0    0    0    0    0   20    0    0    0    0    0
     0    0]
 [   0    6    0    0    0    0    0    0    0  852   89   17    0    0
     0    8]
 [   0  211   22    7    0   10    0    0    8  127 1982   53    1    0
     4   30]
 [   8   15    6   14    0    0    0    0    0    0   13  519    0    0
     0   18]
 [   0    0   20    0    0    0    0    0    1    0    0    0  141    0
    43    0]
 [   0    0    0    1    2    0    0    0    0    0    0    0    3 1248
    11    0]
 [   0    0    0    0    0    0    0    0    0    0    0    0   16    0
   369    1]
 [   0    0    0    0    0    0    0    0    0    0    0    0    0    0
     0   93]]