Dataset : IP
N times : 25
TAU : 1.8
99.06666666666666 Overall accuracy (%)
98.88 Kappa accuracy (%)
99.06666666666666 Average accuracy (%)

              precision    recall  f1-score   support

           0       1.00      1.00      1.00     15000
           1       1.00      1.00      1.00     15000
           2       1.00      1.00      1.00     15000
           3       0.95      1.00      0.97     15000
           4       1.00      0.94      0.97     15000
           5       1.00      1.00      1.00     15000

    accuracy                           0.99     90000
   macro avg       0.99      0.99      0.99     90000
weighted avg       0.99      0.99      0.99     90000

[[15000     0     0     0     0     0]
 [    0 15000     0     0     0     0]
 [    0     0 15000     0     0     0]
 [    0     0     0 15000     0     0]
 [    0     0     0   839 14160     1]
 [    0     0     0     0     0 15000]]