Dataset : IP
N times : 25
TAU : 1.8
83.05200507366573 Overall accuracy (%)
80.87025084780643 Kappa accuracy (%)
86.16203604326583 Average accuracy (%)

              precision    recall  f1-score   support

           1       0.67      0.91      0.77        46
           2       0.80      0.75      0.78      1428
           3       0.72      0.84      0.77       830
           4       0.26      0.37      0.31       237
           5       0.96      0.93      0.94       483
           6       0.99      0.94      0.96       730
           7       0.38      0.86      0.52        28
           8       0.99      0.96      0.97       478
           9       0.25      1.00      0.40        20
          10       0.75      0.78      0.77       972
          11       0.87      0.72      0.79      2455
          12       0.72      0.92      0.81       593
          13       0.95      0.85      0.89       205
          14       0.99      0.99      0.99      1265
          15       0.98      1.00      0.99       386
          16       0.73      0.97      0.83        93

    accuracy                           0.83     10249
   macro avg       0.75      0.86      0.78     10249
weighted avg       0.85      0.83      0.84     10249

[[  42    0    0    0    0    0    0    3    0    0    0    0    0    1
     0    0]
 [   0 1074   40   95    0    0    0    0    1   31   70  116    0    1
     0    0]
 [   0    3  696   86    0    8    0    0   10    3   19    1    4    0
     0    0]
 [   0   67   43   88    0    0    0    0    0    6    0   33    0    0
     0    0]
 [   0    0    0    0  448    0   33    0    2    0    0    0    0    0
     0    0]
 [   0    0    1    0    0  686    0    0   38    0    0    0    4    1
     0    0]
 [   0    0    0    0    4    0   24    0    0    0    0    0    0    0
     0    0]
 [  21    0    0    0    0    0    0  457    0    0    0    0    0    0
     0    0]
 [   0    0    0    0    0    0    0    0   20    0    0    0    0    0
     0    0]
 [   0   16    0    0    3    0    0    0    0  761  165   24    0    3
     0    0]
 [   0  181  162   67   11    0    0    0    7  206 1767   36    2   12
     1    3]
 [   0    0    1    4    0    0    0    0    0    3    7  548    0    0
     0   30]
 [   0    0   28    0    0    1    0    0    2    0    0    0  174    0
     0    0]
 [   0    0    0    0    0    0    7    0    0    0    0    0    0 1252
     6    0]
 [   0    0    0    0    0    0    0    0    0    0    0    0    0    1
   385    0]
 [   0    0    0    0    0    0    0    0    0    0    0    3    0    0
     0   90]]