Dataset : IP
N times : 25
TAU : 1.8
84.73997463167137 Overall accuracy (%)
82.74313458875723 Kappa accuracy (%)
85.90107101512872 Average accuracy (%)

              precision    recall  f1-score   support

           1       0.79      0.67      0.73        46
           2       0.73      0.79      0.76      1428
           3       0.90      0.92      0.91       830
           4       0.40      0.63      0.49       237
           5       1.00      0.94      0.96       483
           6       1.00      1.00      1.00       730
           7       0.72      1.00      0.84        28
           8       0.98      0.98      0.98       478
           9       0.40      1.00      0.57        20
          10       0.79      0.85      0.82       972
          11       0.90      0.75      0.82      2455
          12       0.82      0.74      0.78       593
          13       0.74      0.61      0.67       205
          14       1.00      0.96      0.98      1265
          15       0.86      0.96      0.91       386
          16       0.41      0.94      0.57        93

    accuracy                           0.85     10249
   macro avg       0.78      0.86      0.80     10249
weighted avg       0.86      0.85      0.85     10249

[[  31    5    0    0    0    0    0   10    0    0    0    0    0    0
     0    0]
 [   0 1132    9  128    0    0    0    0    0   40   82   37    0    0
     0    0]
 [   0    0  762   62    1    0    0    0    0    0    5    0    0    0
     0    0]
 [   0   23   38  150    0    0    0    0    0    0    0   26    0    0
     0    0]
 [   0    0    0   10  452    0    5    0   10    0    0    0    2    4
     0    0]
 [   0    0    0    0    0  728    0    0    0    0    0    0    0    0
     2    0]
 [   0    0    0    0    0    0   28    0    0    0    0    0    0    0
     0    0]
 [   8    0    0    0    0    0    3  467    0    0    0    0    0    0
     0    0]
 [   0    0    0    0    0    0    0    0   20    0    0    0    0    0
     0    0]
 [   0   10    0    0    0    0    0    0    0  831  124    7    0    0
     0    0]
 [   0  373   17   18    0    0    0    0    0  175 1844   21    5    0
     2    0]
 [   0   18    0    7    0    0    1    0    0    0    1  438    0    0
     1  127]
 [   0    0   23    1    1    0    0    0    0    0    0    0  125    0
    55    0]
 [   0    0    0    1    0    0    2    0   20    0    0    0   23 1218
     1    0]
 [   0    0    0    0    0    0    0    0    0    0    0    0   14    0
   372    0]
 [   0    0    0    0    0    0    0    0    0    0    0    6    0    0
     0   87]]