Dataset : IP
N times : 25
TAU : 1.8
99.07666666666667 Overall accuracy (%)
98.892 Kappa accuracy (%)
99.07666666666665 Average accuracy (%)

              precision    recall  f1-score   support

           0       1.00      0.97      0.98     15000
           1       0.98      1.00      0.99     15000
           2       0.99      1.00      0.99     15000
           3       0.99      1.00      0.99     15000
           4       1.00      0.98      0.99     15000
           5       0.99      1.00      1.00     15000

    accuracy                           0.99     90000
   macro avg       0.99      0.99      0.99     90000
weighted avg       0.99      0.99      0.99     90000

[[14484   314   202     0     0     0]
 [    0 14991     9     0     0     0]
 [    2     0 14998     0     0     0]
 [    0     0     0 15000     0     0]
 [    0     0     0   195 14696   109]
 [    0     0     0     0     0 15000]]