Dataset : IP
N times : 25
TAU : 1.8
88.71109376524538 Overall accuracy (%)
87.20447304288592 Kappa accuracy (%)
91.78070848872164 Average accuracy (%)

              precision    recall  f1-score   support

           1       0.96      1.00      0.98        46
           2       0.79      0.81      0.80      1428
           3       0.93      0.89      0.91       830
           4       0.47      0.67      0.55       237
           5       0.97      0.91      0.94       483
           6       0.99      1.00      0.99       730
           7       0.65      1.00      0.79        28
           8       1.00      0.99      1.00       478
           9       0.50      1.00      0.67        20
          10       0.88      0.93      0.91       972
          11       0.91      0.81      0.86      2455
          12       0.82      0.83      0.83       593
          13       0.93      0.91      0.92       205
          14       1.00      0.99      0.99      1265
          15       0.94      0.98      0.96       386
          16       0.51      0.96      0.67        93

    accuracy                           0.89     10249
   macro avg       0.83      0.92      0.86     10249
weighted avg       0.90      0.89      0.89     10249

[[  46    0    0    0    0    0    0    0    0    0    0    0    0    0
     0    0]
 [   0 1161    0   79    0    1    0    0    0    0  128   59    0    0
     0    0]
 [   0    1  739   89    0    0    0    0    0    0    1    0    0    0
     0    0]
 [   0   16   53  158    0    0    0    0    0    0    0   10    0    0
     0    0]
 [   0    0    0    0  439    0   12    0   18    0   14    0    0    0
     0    0]
 [   0    0    0    0    0  728    0    0    0    0    0    0    0    0
     2    0]
 [   0    0    0    0    0    0   28    0    0    0    0    0    0    0
     0    0]
 [   2    0    0    0    0    0    1  475    0    0    0    0    0    0
     0    0]
 [   0    0    0    0    0    0    0    0   20    0    0    0    0    0
     0    0]
 [   0    0    0    0    0    0    0    0    0  908   62    2    0    0
     0    0]
 [   0  288    0    1   11    5    2    0    0  123 1989   33    2    0
     1    0]
 [   0    6    0    3    1    0    0    0    0    0    0  495    0    0
     3   85]
 [   0    0    1    5    0    0    0    0    2    0    0    0  186    0
    11    0]
 [   0    1    0    0    0    0    0    0    0    0    0    0    6 1252
     6    0]
 [   0    0    0    0    0    0    0    0    0    0    0    0    7    0
   379    0]
 [   0    0    0    0    0    0    0    0    0    0    0    4    0    0
     0   89]]