Dataset : IP
N times : 25
TAU : 1.8
87.44267733437408 Overall accuracy (%)
85.77547321932133 Kappa accuracy (%)
90.92296400941679 Average accuracy (%)

              precision    recall  f1-score   support

           1       0.61      0.96      0.75        46
           2       0.86      0.73      0.79      1428
           3       0.92      0.82      0.86       830
           4       0.49      0.91      0.63       237
           5       0.99      0.99      0.99       483
           6       0.99      1.00      0.99       730
           7       0.82      1.00      0.90        28
           8       1.00      0.97      0.98       478
           9       0.65      1.00      0.78        20
          10       0.83      0.86      0.84       972
          11       0.89      0.84      0.86      2455
          12       0.76      0.87      0.81       593
          13       0.74      0.63      0.68       205
          14       1.00      0.99      1.00      1265
          15       0.86      1.00      0.93       386
          16       0.56      1.00      0.72        93

    accuracy                           0.87     10249
   macro avg       0.81      0.91      0.85     10249
weighted avg       0.89      0.87      0.88     10249

[[  44    0    0    0    0    0    0    1    0    0    0    1    0    0
     0    0]
 [   0 1041    9  123    0    1    0    0    0    5  151   79    7    0
     0   12]
 [   0    4  679   78    0    1    0    0    6    1   40    0   21    0
     0    0]
 [   0   17    0  215    0    0    0    0    0    0    2    0    3    0
     0    0]
 [   0    0    0    0  476    0    5    0    1    0    0    0    0    0
     1    0]
 [   0    0    0    0    0  727    0    0    0    0    0    0    1    0
     2    0]
 [   0    0    0    0    0    0   28    0    0    0    0    0    0    0
     0    0]
 [  13    0    0    0    0    0    1  464    0    0    0    0    0    0
     0    0]
 [   0    0    0    0    0    0    0    0   20    0    0    0    0    0
     0    0]
 [   0    7    0    3    0    0    0    0    1  834   60   53    0    0
     0   14]
 [   0  131   27   23    2    9    0    0    0  137 2055   30   12    1
     1   27]
 [  15    5    3    0    0    0    0    0    0   27    6  516    1    0
     0   20]
 [   0    0   24    0    0    0    0    0    3    0    0    0  129    0
    49    0]
 [   0    0    0    0    1    0    0    0    0    0    0    0    0 1256
     8    0]
 [   0    0    0    0    0    0    0    0    0    0    0    0    1    0
   385    0]
 [   0    0    0    0    0    0    0    0    0    0    0    0    0    0
     0   93]]