Dataset : SA
N times : 25
TAU : 1.8
96.78777777777778 Overall accuracy (%)
96.14533333333334 Kappa accuracy (%)
96.78777777777778 Average accuracy (%)

              precision    recall  f1-score   support

           0       0.97      1.00      0.98     15000
           1       0.88      1.00      0.93     15000
           2       1.00      0.84      0.91     15000
           3       0.98      1.00      0.99     15000
           4       1.00      1.00      1.00     15000
           5       1.00      0.98      0.99     15000

    accuracy                           0.97     90000
   macro avg       0.97      0.97      0.97     90000
weighted avg       0.97      0.97      0.97     90000

[[14940     0    60     0     0     0]
 [   38 14962     0     0     0     0]
 [  405  2060 12535     0     0     0]
 [    0     0     0 14964     0    36]
 [    0     0     0     0 14999     1]
 [    0     0     0   288     3 14709]]