Dataset : IP
N times : 25
TAU : 1.8
90.59420431261587 Overall accuracy (%)
89.30166250043015 Kappa accuracy (%)
90.88905775191931 Average accuracy (%)

              precision    recall  f1-score   support

           1       0.45      1.00      0.62        46
           2       0.91      0.89      0.90      1428
           3       0.90      0.80      0.84       830
           4       0.58      0.78      0.67       237
           5       0.97      0.94      0.95       483
           6       1.00      1.00      1.00       730
           7       0.45      0.96      0.61        28
           8       1.00      0.88      0.94       478
           9       0.68      0.95      0.79        20
          10       0.89      0.90      0.89       972
          11       0.92      0.91      0.91      2455
          12       0.86      0.91      0.89       593
          13       0.79      0.80      0.80       205
          14       0.99      0.99      0.99      1265
          15       0.93      0.84      0.89       386
          16       0.65      0.99      0.78        93

    accuracy                           0.91     10249
   macro avg       0.81      0.91      0.84     10249
weighted avg       0.91      0.91      0.91     10249

[[  46    0    0    0    0    0    0    0    0    0    0    0    0    0
     0    0]
 [   2 1267   17   17    0    0    0    0    0    8   78   39    0    0
     0    0]
 [   0    2  662  113    2    0    0    0    1    5   26   19    0    0
     0    0]
 [   0   27   16  185    0    0    0    0    0    0    0    9    0    0
     0    0]
 [   0    0    3    3  453    0   17    0    7    0    0    0    0    0
     0    0]
 [   0    0    0    0    0  730    0    0    0    0    0    0    0    0
     0    0]
 [   0    0    0    0    1    0   27    0    0    0    0    0    0    0
     0    0]
 [  55    0    0    0    0    0    0  423    0    0    0    0    0    0
     0    0]
 [   0    0    0    0    1    0    0    0   19    0    0    0    0    0
     0    0]
 [   0    1    0    0    1    0    0    0    0  878   83    9    0    0
     0    0]
 [   0   99   15    0    7    0    0    0    0  101 2225    4    0    0
     0    4]
 [   0    4    3    0    0    0    1    0    0    0    0  539    0    0
     0   46]
 [   0    0   21    0    1    0    0    0    1    0    0    4  164    6
     8    0]
 [   0    0    0    0    0    0    0    0    0    0    0    0    1 1249
    15    0]
 [   0    0    0    0    0    0   15    0    0    0    0    0   42    3
   326    0]
 [   0    0    0    0    0    0    0    0    0    0    0    1    0    0
     0   92]]