Dataset : IP
N times : 25
TAU : 1.8
99.54888888888888 Overall accuracy (%)
99.45866666666666 Kappa accuracy (%)
99.5488888888889 Average accuracy (%)

              precision    recall  f1-score   support

           0       1.00      1.00      1.00     15000
           1       1.00      1.00      1.00     15000
           2       1.00      1.00      1.00     15000
           3       0.98      1.00      0.99     15000
           4       1.00      0.97      0.99     15000
           5       0.99      1.00      1.00     15000

    accuracy                           1.00     90000
   macro avg       1.00      1.00      1.00     90000
weighted avg       1.00      1.00      1.00     90000

[[15000     0     0     0     0     0]
 [    0 14997     3     0     0     0]
 [    0     0 15000     0     0     0]
 [    0     0     0 15000     0     0]
 [    0     0     0   318 14597    85]
 [    0     0     0     0     0 15000]]