Dataset : IP
N times : 25
TAU : 1.8
90.78934530198069 Overall accuracy (%)
89.54801582409362 Kappa accuracy (%)
91.31900400454214 Average accuracy (%)

              precision    recall  f1-score   support

           1       0.47      0.91      0.62        46
           2       0.90      0.88      0.89      1428
           3       0.95      0.86      0.90       830
           4       0.53      0.78      0.63       237
           5       0.99      0.96      0.97       483
           6       0.99      1.00      1.00       730
           7       0.58      1.00      0.74        28
           8       0.99      0.92      0.95       478
           9       1.00      1.00      1.00        20
          10       0.86      0.94      0.90       972
          11       0.96      0.90      0.93      2455
          12       0.84      0.71      0.77       593
          13       0.82      0.88      0.85       205
          14       1.00      0.99      0.99      1265
          15       0.96      0.93      0.95       386
          16       0.38      0.96      0.54        93

    accuracy                           0.91     10249
   macro avg       0.83      0.91      0.85     10249
weighted avg       0.92      0.91      0.91     10249

[[  42    0    0    0    0    1    0    3    0    0    0    0    0    0
     0    0]
 [   0 1263   20   47    0    0    0    0    0   10   25   63    0    0
     0    0]
 [   0    5  710  109    0    0    0    0    0    0    5    0    1    0
     0    0]
 [   0   34    2  184    0    0    0    0    0    0    3   14    0    0
     0    0]
 [   0    0    0    1  463    0   19    0    0    0    0    0    0    0
     0    0]
 [   0    0    0    0    0  730    0    0    0    0    0    0    0    0
     0    0]
 [   0    0    0    0    0    0   28    0    0    0    0    0    0    0
     0    0]
 [  38    0    0    0    0    0    0  440    0    0    0    0    0    0
     0    0]
 [   0    0    0    0    0    0    0    0   20    0    0    0    0    0
     0    0]
 [   2    0    0    0    0    1    0    0    0  911   58    0    0    0
     0    0]
 [   0   86    5    1    2    5    0    0    0  136 2215    1    4    0
     0    0]
 [   8   10    0    0    2    0    1    1    0    0    3  423    0    0
     0  145]
 [   0    0   13    0    0    0    0    0    0    0    0    0  180    0
    12    0]
 [   0    5    0    2    0    0    0    0    0    0    0    1    7 1249
     1    0]
 [   0    0    0    0    0    0    0    0    0    0    0    0   28    0
   358    0]
 [   0    0    0    0    0    0    0    0    0    0    0    4    0    0
     0   89]]