Dataset : IP
N times : 25
TAU : 1.8
97.88111111111111 Overall accuracy (%)
97.45733333333332 Kappa accuracy (%)
97.88111111111112 Average accuracy (%)

              precision    recall  f1-score   support

           0       1.00      0.95      0.97     15000
           1       1.00      1.00      1.00     15000
           2       0.95      1.00      0.98     15000
           3       0.93      1.00      0.96     15000
           4       1.00      0.93      0.96     15000
           5       1.00      1.00      1.00     15000

    accuracy                           0.98     90000
   macro avg       0.98      0.98      0.98     90000
weighted avg       0.98      0.98      0.98     90000

[[14231    47   722     0     0     0]
 [   12 14976    12     0     0     0]
 [   26     0 14974     0     0     0]
 [    0     0     0 14997     3     0]
 [    0     0     0  1085 13915     0]
 [    0     0     0     0     0 15000]]