Dataset : IP
N times : 25
TAU : 1.8
96.84847302175822 Overall accuracy (%)
96.41073615695416 Kappa accuracy (%)
94.86342687960803 Average accuracy (%)

              precision    recall  f1-score   support

           1       0.66      0.85      0.74        46
           2       0.96      0.98      0.97      1428
           3       0.98      0.95      0.97       830
           4       0.78      0.78      0.78       237
           5       1.00      1.00      1.00       483
           6       1.00      1.00      1.00       730
           7       0.78      1.00      0.88        28
           8       0.99      0.95      0.97       478
           9       0.71      1.00      0.83        20
          10       0.98      1.00      0.99       972
          11       0.99      0.98      0.99      2455
          12       0.97      0.87      0.91       593
          13       1.00      0.88      0.94       205
          14       1.00      1.00      1.00      1265
          15       0.96      1.00      0.98       386
          16       0.52      0.95      0.67        93

    accuracy                           0.97     10249
   macro avg       0.89      0.95      0.91     10249
weighted avg       0.97      0.97      0.97     10249

[[  39    0    0    0    0    0    3    3    0    0    0    1    0    0
     0    0]
 [   0 1397    0   17    0    0    0    0    0    0   14    0    0    0
     0    0]
 [   0    0  791   36    0    0    0    0    3    0    0    0    0    0
     0    0]
 [   0   32    8  186    0    0    0    0    0    0    0   11    0    0
     0    0]
 [   0    0    0    0  482    0    1    0    0    0    0    0    0    0
     0    0]
 [   0    0    0    0    0  730    0    0    0    0    0    0    0    0
     0    0]
 [   0    0    0    0    0    0   28    0    0    0    0    0    0    0
     0    0]
 [  20    0    0    0    0    0    4  454    0    0    0    0    0    0
     0    0]
 [   0    0    0    0    0    0    0    0   20    0    0    0    0    0
     0    0]
 [   0    0    0    0    0    0    0    0    0  971    0    1    0    0
     0    0]
 [   0   32    0    0    0    1    0    0    0   20 2401    0    0    0
     1    0]
 [   0    0    0    0    0    0    0    0    0    0    0  513    0    0
     0   80]
 [   0    0    9    0    0    0    0    0    3    0    0    0  181    0
    12    0]
 [   0    0    0    0    0    0    0    0    2    0    0    0    0 1259
     4    0]
 [   0    0    0    0    0    0    0    0    0    0    0    0    0    0
   386    0]
 [   0    0    0    0    0    0    0    0    0    0    0    5    0    0
     0   88]]