Dataset : IP
N times : 25
TAU : 1.8
92.15533222753439 Overall accuracy (%)
91.0864143354048 Kappa accuracy (%)
93.6090567729862 Average accuracy (%)

              precision    recall  f1-score   support

           1       0.69      0.98      0.81        46
           2       0.87      0.86      0.86      1428
           3       0.92      0.88      0.90       830
           4       0.56      0.86      0.68       237
           5       1.00      0.90      0.94       483
           6       0.98      1.00      0.99       730
           7       0.36      1.00      0.53        28
           8       1.00      1.00      1.00       478
           9       0.48      1.00      0.65        20
          10       0.94      0.95      0.95       972
          11       0.95      0.92      0.94      2455
          12       0.93      0.75      0.83       593
          13       0.95      0.90      0.92       205
          14       1.00      1.00      1.00      1265
          15       0.98      0.98      0.98       386
          16       0.56      0.99      0.72        93

    accuracy                           0.92     10249
   macro avg       0.82      0.94      0.86     10249
weighted avg       0.93      0.92      0.92     10249

[[  45    0    0    0    0    0    0    0    0    0    0    1    0    0
     0    0]
 [   0 1223   19   83    0    0    0    0    1   15   79    8    0    0
     0    0]
 [   0    0  734   76    0    0    0    0   12    0    0    8    0    0
     0    0]
 [   0   22    3  205    0    0    0    0    0    0    0    7    0    0
     0    0]
 [   0    0    0    0  433    0   49    0    0    0    0    0    0    1
     0    0]
 [   0    0    0    0    0  730    0    0    0    0    0    0    0    0
     0    0]
 [   0    0    0    0    0    0   28    0    0    0    0    0    0    0
     0    0]
 [   2    0    0    0    0    0    0  476    0    0    0    0    0    0
     0    0]
 [   0    0    0    0    0    0    0    0   20    0    0    0    0    0
     0    0]
 [   0    3    0    0    0    0    0    0    0  928   31    9    1    0
     0    0]
 [   0  126    2    0    0   16    0    0    4   48 2256    0    3    0
     0    0]
 [  18   27   26    0    1    0    0    0    3    0    0  446    0    0
     0   72]
 [   0    0   12    0    0    0    0    0    2    0    0    0  185    0
     6    0]
 [   0    0    0    0    1    0    0    0    0    0    0    0    0 1264
     0    0]
 [   0    0    0    0    0    0    0    0    0    0    0    0    6    0
   380    0]
 [   0    0    0    0    0    0    0    0    0    0    0    1    0    0
     0   92]]