Dataset : IP
N times : 25
TAU : 1.8
96.61430383452044 Overall accuracy (%)
96.14327493786155 Kappa accuracy (%)
92.96858870535635 Average accuracy (%)

              precision    recall  f1-score   support

           1       0.89      0.91      0.90        46
           2       0.97      0.96      0.97      1428
           3       0.92      0.93      0.93       830
           4       0.71      0.63      0.67       237
           5       1.00      1.00      1.00       483
           6       1.00      1.00      1.00       730
           7       0.90      0.96      0.93        28
           8       1.00      0.99      0.99       478
           9       0.25      0.80      0.38        20
          10       0.97      1.00      0.98       972
          11       0.99      0.98      0.98      2455
          12       0.97      0.96      0.97       593
          13       0.90      0.79      0.84       205
          14       1.00      1.00      1.00      1265
          15       0.96      0.98      0.97       386
          16       0.81      0.98      0.89        93

    accuracy                           0.97     10249
   macro avg       0.89      0.93      0.90     10249
weighted avg       0.97      0.97      0.97     10249

[[  42    0    0    0    0    0    0    1    0    0    0    3    0    0
     0    0]
 [   0 1373    0   28    0    0    0    0    0    1   25    1    0    0
     0    0]
 [   0    0  774   32    0    0    0    0   24    0    0    0    0    0
     0    0]
 [   0   20   54  150    0    0    0    0    0    0    0   13    0    0
     0    0]
 [   0    0    0    0  481    0    2    0    0    0    0    0    0    0
     0    0]
 [   0    0    0    0    0  730    0    0    0    0    0    0    0    0
     0    0]
 [   0    0    0    0    1    0   27    0    0    0    0    0    0    0
     0    0]
 [   5    0    0    0    0    0    0  473    0    0    0    0    0    0
     0    0]
 [   0    0    4    0    0    0    0    0   16    0    0    0    0    0
     0    0]
 [   0    0    0    0    0    0    0    0    0  969    0    2    1    0
     0    0]
 [   0   20    0    0    0    0    0    0    0   26 2399    0   10    0
     0    0]
 [   0    0    0    0    0    0    1    0    0    0    0  571    0    0
     0   21]
 [   0    0    5    0    0    0    0    0   24    0    0    0  161    0
    15    0]
 [   0    0    0    0    0    0    0    0    0    0    0    0    0 1265
     0    0]
 [   0    0    0    0    0    0    0    0    0    0    0    0    6    0
   380    0]
 [   0    1    0    1    0    0    0    0    0    0    0    0    0    0
     0   91]]