Dataset : IP
N times : 25
TAU : 1.8
97.36333333333333 Overall accuracy (%)
96.836 Kappa accuracy (%)
97.36333333333333 Average accuracy (%)

              precision    recall  f1-score   support

           0       0.99      0.97      0.98     15000
           1       0.99      1.00      1.00     15000
           2       0.98      0.99      0.98     15000
           3       0.90      1.00      0.95     15000
           4       1.00      0.89      0.94     15000
           5       1.00      1.00      1.00     15000

    accuracy                           0.97     90000
   macro avg       0.98      0.97      0.97     90000
weighted avg       0.98      0.97      0.97     90000

[[14532   105   363     0     0     0]
 [    7 14993     0     0     0     0]
 [  211     0 14789     0     0     0]
 [    0     0     0 15000     0     0]
 [    0     0     0  1687 13313     0]
 [    0     0     0     0     0 15000]]