Dataset : IP
N times : 25
TAU : 1.8
99.27333333333334 Overall accuracy (%)
99.128 Kappa accuracy (%)
99.27333333333333 Average accuracy (%)

              precision    recall  f1-score   support

           0       0.99      1.00      1.00     15000
           1       1.00      0.99      1.00     15000
           2       1.00      1.00      1.00     15000
           3       0.96      1.00      0.98     15000
           4       1.00      0.96      0.98     15000
           5       1.00      1.00      1.00     15000

    accuracy                           0.99     90000
   macro avg       0.99      0.99      0.99     90000
weighted avg       0.99      0.99      0.99     90000

[[14998     2     0     0     0     0]
 [   84 14916     0     0     0     0]
 [    0     0 15000     0     0     0]
 [    0     0     0 15000     0     0]
 [    0     0     0   568 14432     0]
 [    0     0     0     0     0 15000]]