Dataset : IP
N times : 25
TAU : 1.8
93.08225192701727 Overall accuracy (%)
92.12796642313063 Kappa accuracy (%)
93.32471688700915 Average accuracy (%)

              precision    recall  f1-score   support

           1       1.00      1.00      1.00        46
           2       0.85      0.91      0.88      1428
           3       0.92      0.92      0.92       830
           4       0.56      0.66      0.61       237
           5       1.00      0.94      0.97       483
           6       1.00      1.00      1.00       730
           7       0.53      1.00      0.69        28
           8       1.00      1.00      1.00       478
           9       0.62      1.00      0.77        20
          10       0.94      0.94      0.94       972
          11       0.96      0.92      0.94      2455
          12       0.94      0.84      0.89       593
          13       0.98      0.85      0.91       205
          14       1.00      1.00      1.00      1265
          15       0.97      0.99      0.98       386
          16       0.63      0.97      0.77        93

    accuracy                           0.93     10249
   macro avg       0.87      0.93      0.89     10249
weighted avg       0.94      0.93      0.93     10249

[[  46    0    0    0    0    0    0    0    0    0    0    0    0    0
     0    0]
 [   0 1294    9   61    0    0    0    0    0    8   47    9    0    0
     0    0]
 [   0    0  761   61    0    0    0    0    7    0    1    0    0    0
     0    0]
 [   0   41   31  156    0    0    0    0    0    0    1    8    0    0
     0    0]
 [   0    0    1    0  456    0   23    0    2    0    0    1    0    0
     0    0]
 [   0    0    0    0    0  728    0    0    1    0    0    0    0    0
     1    0]
 [   0    0    0    0    0    0   28    0    0    0    0    0    0    0
     0    0]
 [   0    0    0    0    0    0    0  478    0    0    0    0    0    0
     0    0]
 [   0    0    0    0    0    0    0    0   20    0    0    0    0    0
     0    0]
 [   0    1    0    0    0    0    0    0    0  913   51    6    0    0
     1    0]
 [   0  143    2    0    0    2    0    0    0   49 2250    5    1    0
     3    0]
 [   0   39    0    0    2    0    2    0    0    0    0  497    0    0
     1   52]
 [   0    0   22    0    0    0    0    0    2    0    0    0  175    0
     6    0]
 [   0    0    0    0    0    0    0    0    0    0    0    0    0 1264
     1    0]
 [   0    0    0    0    0    0    0    0    0    0    0    0    2    0
   384    0]
 [   0    0    0    0    0    0    0    0    0    0    0    3    0    0
     0   90]]