Dataset : IP
N times : 25
TAU : 1.8
96.1264513611084 Overall accuracy (%)
95.58604794050562 Kappa accuracy (%)
93.76226739153215 Average accuracy (%)

              precision    recall  f1-score   support

           1       0.87      0.98      0.92        46
           2       0.93      0.98      0.96      1428
           3       0.91      0.95      0.93       830
           4       0.78      0.48      0.59       237
           5       1.00      1.00      1.00       483
           6       0.99      1.00      1.00       730
           7       0.84      0.96      0.90        28
           8       1.00      0.99      0.99       478
           9       0.43      1.00      0.61        20
          10       0.98      0.99      0.98       972
          11       0.99      0.96      0.97      2455
          12       0.95      0.92      0.94       593
          13       0.98      0.83      0.90       205
          14       1.00      1.00      1.00      1265
          15       0.96      1.00      0.98       386
          16       0.69      0.97      0.80        93

    accuracy                           0.96     10249
   macro avg       0.89      0.94      0.90     10249
weighted avg       0.96      0.96      0.96     10249

[[  45    1    0    0    0    0    0    0    0    0    0    0    0    0
     0    0]
 [   0 1398    0    4    0    0    0    0    0    0   24    1    1    0
     0    0]
 [   0    0  785   28    0    0    0    0   17    0    0    0    0    0
     0    0]
 [   0   32   67  114    0    0    0    0    0    0    0   24    0    0
     0    0]
 [   0    0    0    0  483    0    0    0    0    0    0    0    0    0
     0    0]
 [   0    0    0    0    0  729    0    0    0    0    0    0    1    0
     0    0]
 [   0    0    0    0    1    0   27    0    0    0    0    0    0    0
     0    0]
 [   7    0    0    0    0    0    0  471    0    0    0    0    0    0
     0    0]
 [   0    0    0    0    0    0    0    0   20    0    0    0    0    0
     0    0]
 [   0    0    0    0    0    0    1    0    0  964    6    1    0    0
     0    0]
 [   0   66    0    0    0    5    0    0    0   23 2361    0    0    0
     0    0]
 [   0    0    0    0    0    0    4    0    0    0    0  548    0    0
     0   41]
 [   0    0   12    0    0    0    0    0    9    0    0    0  170    0
    14    0]
 [   0    0    0    0    0    0    0    0    0    0    0    0    0 1262
     3    0]
 [   0    0    0    0    0    0    0    0    0    0    0    0    1    0
   385    0]
 [   0    2    0    1    0    0    0    0    0    0    0    0    0    0
     0   90]]