Dataset : IP
N times : 25
TAU : 1.8
97.02888888888889 Overall accuracy (%)
96.43466666666667 Kappa accuracy (%)
97.02888888888891 Average accuracy (%)

              precision    recall  f1-score   support

           0       1.00      0.98      0.99     15000
           1       0.99      0.97      0.98     15000
           2       0.96      1.00      0.98     15000
           3       0.89      0.99      0.94     15000
           4       0.99      0.88      0.93     15000
           5       1.00      1.00      1.00     15000

    accuracy                           0.97     90000
   macro avg       0.97      0.97      0.97     90000
weighted avg       0.97      0.97      0.97     90000

[[14690   148   162     0     0     0]
 [   16 14524   460     0     0     0]
 [   15     0 14985     0     0     0]
 [    0     0     0 14872   128     0]
 [    0     0     0  1744 13256     0]
 [    0     0     0     1     0 14999]]