Dataset : BW
N times : 15
TAU : 1.8
92.85733333333333 Overall accuracy (%)
91.07166666666666 Kappa accuracy (%)
92.85733333333333 Average accuracy (%)

              precision    recall  f1-score   support

           0       0.83      0.82      0.82     15000
           1       0.91      1.00      0.95     15000
           2       0.90      0.88      0.89     15000
           3       1.00      0.95      0.97     15000
           4       1.00      1.00      1.00     15000

    accuracy                           0.93     75000
   macro avg       0.93      0.93      0.93     75000
weighted avg       0.93      0.93      0.93     75000

[[12257  1472  1266     5     0]
 [    0 15000     0     0     0]
 [ 1864     0 13134     2     0]
 [  614     2   125 14252     7]
 [    0     0     0     0 15000]]