Dataset : BW
N times : 15
TAU : 1.8
97.17066666666668 Overall accuracy (%)
96.46333333333334 Kappa accuracy (%)
97.17066666666668 Average accuracy (%)

              precision    recall  f1-score   support

           0       0.95      0.96      0.95     15000
           1       0.99      1.00      0.99     15000
           2       0.95      0.94      0.94     15000
           3       0.99      0.96      0.98     15000
           4       0.99      1.00      0.99     15000

    accuracy                           0.97     75000
   macro avg       0.97      0.97      0.97     75000
weighted avg       0.97      0.97      0.97     75000

[[14349   194   457     0     0]
 [    1 14969    30     0     0]
 [  821     0 14139    40     0]
 [    2    11   325 14463   199]
 [    0     0     0    42 14958]]