Dataset : SA
N times : 25
TAU : 1.8
96.02666666666667 Overall accuracy (%)
95.232 Kappa accuracy (%)
96.02666666666667 Average accuracy (%)

              precision    recall  f1-score   support

           0       0.99      1.00      0.99     15000
           1       0.99      1.00      1.00     15000
           2       0.99      0.98      0.99     15000
           3       0.87      0.99      0.93     15000
           4       0.94      1.00      0.97     15000
           5       0.99      0.78      0.88     15000

    accuracy                           0.96     90000
   macro avg       0.96      0.96      0.96     90000
weighted avg       0.96      0.96      0.96     90000

[[15000     0     0     0     0     0]
 [    0 15000     0     0     0     0]
 [  149    56 14760     0    18    17]
 [    0     0     0 14909     0    91]
 [    0     0     0     0 15000     0]
 [    6    34    77  2215   913 11755]]