Dataset : SA
N times : 25
TAU : 1.8
94.80222222222223 Overall accuracy (%)
93.76266666666666 Kappa accuracy (%)
94.80222222222223 Average accuracy (%)

              precision    recall  f1-score   support

           0       1.00      1.00      1.00     15000
           1       0.81      1.00      0.89     15000
           2       0.96      0.80      0.88     15000
           3       0.98      1.00      0.99     15000
           4       1.00      1.00      1.00     15000
           5       0.98      0.88      0.93     15000

    accuracy                           0.95     90000
   macro avg       0.95      0.95      0.95     90000
weighted avg       0.95      0.95      0.95     90000

[[15000     0     0     0     0     0]
 [    0 15000     0     0     0     0]
 [    2  2653 12067     0     0   278]
 [    0     0     0 15000     0     0]
 [    0     0     0     0 15000     0]
 [    4   875   487   360    19 13255]]