Dataset : SA
N times : 25
TAU : 1.8
89.21666666666667 Overall accuracy (%)
87.06 Kappa accuracy (%)
89.21666666666667 Average accuracy (%)

              precision    recall  f1-score   support

           0       0.93      1.00      0.96     15000
           1       0.96      1.00      0.98     15000
           2       1.00      0.88      0.93     15000
           3       0.67      0.97      0.79     15000
           4       0.99      1.00      0.99     15000
           5       0.93      0.51      0.66     15000

    accuracy                           0.89     90000
   macro avg       0.91      0.89      0.89     90000
weighted avg       0.91      0.89      0.89     90000

[[14936     0    64     0     0     0]
 [    0 15000     0     0     0     0]
 [  949   675 13157    96     0   123]
 [    0     0     0 14541     0   459]
 [    0     0     0     8 14991     1]
 [  220     0     1  6955   154  7670]]