Dataset : SA
N times : 25
TAU : 1.8
92.40777777777778 Overall accuracy (%)
90.88933333333333 Kappa accuracy (%)
92.40777777777778 Average accuracy (%)

              precision    recall  f1-score   support

           0       0.98      1.00      0.99     15000
           1       1.00      1.00      1.00     15000
           2       0.81      0.88      0.85     15000
           3       0.98      0.98      0.98     15000
           4       0.90      1.00      0.95     15000
           5       0.87      0.69      0.77     15000

    accuracy                           0.92     90000
   macro avg       0.92      0.92      0.92     90000
weighted avg       0.92      0.92      0.92     90000

[[14994     0     3     0     0     3]
 [    0 15000     0     0     0     0]
 [  198     0 13243    42     0  1517]
 [    0     0     0 14633   367     0]
 [    0     0     0     2 14998     0]
 [  153     0  3032   287  1229 10299]]