Dataset : SA
N times : 25
TAU : 1.8
97.35222222222222 Overall accuracy (%)
96.82266666666666 Kappa accuracy (%)
97.35222222222221 Average accuracy (%)

              precision    recall  f1-score   support

           0       1.00      0.99      1.00     15000
           1       0.99      1.00      0.99     15000
           2       0.89      1.00      0.94     15000
           3       0.99      1.00      0.99     15000
           4       0.99      1.00      0.99     15000
           5       1.00      0.86      0.92     15000

    accuracy                           0.97     90000
   macro avg       0.98      0.97      0.97     90000
weighted avg       0.98      0.97      0.97     90000

[[14921    79     0     0     0     0]
 [   13 14926     0    61     0     0]
 [    0    58 14941     0     1     0]
 [    0     0     3 14997     0     0]
 [    0     0     1     0 14998     1]
 [    0     0  1830   113   223 12834]]