Dataset : SA
N times : 1
TAU : 1.8
91.05222222222223 Overall accuracy (%)
89.26266666666666 Kappa accuracy (%)
91.05222222222223 Average accuracy (%)

              precision    recall  f1-score   support

           0       0.99      0.98      0.98     15000
           1       0.99      1.00      0.99     15000
           2       0.98      0.91      0.94     15000
           3       0.75      0.80      0.78     15000
           4       0.98      1.00      0.99     15000
           5       0.79      0.77      0.78     15000

    accuracy                           0.91     90000
   macro avg       0.91      0.91      0.91     90000
weighted avg       0.91      0.91      0.91     90000

[[14679    15   291    12     0     3]
 [    3 14988     1     3     0     5]
 [   91   117 13714   762    26   290]
 [    0    21    17 12015   125  2822]
 [    1     0     7    22 14968     2]
 [   47    57    13  3169   131 11583]]