Dataset : SA
N times : 1
TAU : 1.8
89.08444444444444 Overall accuracy (%)
86.90133333333333 Kappa accuracy (%)
89.08444444444444 Average accuracy (%)

              precision    recall  f1-score   support

           0       0.98      0.99      0.99     15000
           1       0.91      1.00      0.95     15000
           2       0.86      0.80      0.83     15000
           3       0.84      0.91      0.87     15000
           4       0.99      1.00      0.99     15000
           5       0.75      0.65      0.70     15000

    accuracy                           0.89     90000
   macro avg       0.89      0.89      0.89     90000
weighted avg       0.89      0.89      0.89     90000

[[14910     5    81     2     0     2]
 [   12 14937    16    12     0    23]
 [  239   532 11979   155     4  2091]
 [    0    86    57 13585    41  1231]
 [    0     0     0    18 14981     1]
 [   16   852  1853  2392   103  9784]]