Dataset : SA
N times : 1
TAU : 1.8
93.51444444444445 Overall accuracy (%)
92.21733333333333 Kappa accuracy (%)
93.51444444444445 Average accuracy (%)

              precision    recall  f1-score   support

           0       0.97      0.97      0.97     15000
           1       0.98      0.99      0.98     15000
           2       0.96      0.97      0.96     15000
           3       0.85      0.92      0.88     15000
           4       0.97      1.00      0.98     15000
           5       0.88      0.77      0.82     15000

    accuracy                           0.94     90000
   macro avg       0.93      0.94      0.93     90000
weighted avg       0.93      0.94      0.93     90000

[[14509   166   169     9     0   147]
 [   88 14887    18     0     0     7]
 [   76    80 14507     6     7   324]
 [   17     0    11 13819   134  1019]
 [    1     0     0     8 14944    47]
 [  198   135   413  2445   312 11497]]