Dataset : SA
N times : 1
TAU : 1.8
96.44 Overall accuracy (%)
95.72800000000001 Kappa accuracy (%)
96.44 Average accuracy (%)

              precision    recall  f1-score   support

           0       0.98      0.99      0.99     15000
           1       0.99      1.00      0.99     15000
           2       0.99      0.89      0.94     15000
           3       0.95      0.97      0.96     15000
           4       0.98      1.00      0.99     15000
           5       0.90      0.94      0.92     15000

    accuracy                           0.96     90000
   macro avg       0.97      0.96      0.96     90000
weighted avg       0.97      0.96      0.96     90000

[[14816    12    17     5     2   148]
 [    5 14960     4     7     0    24]
 [  118   147 13423   165     6  1141]
 [    0     4     2 14581   188   225]
 [    0     0     0    20 14977     3]
 [  138     6   137   646    34 14039]]