Dataset : SA
N times : 1
TAU : 1.8
88.23777777777778 Overall accuracy (%)
85.88533333333334 Kappa accuracy (%)
88.23777777777778 Average accuracy (%)

              precision    recall  f1-score   support

           0       0.90      0.91      0.90     15000
           1       0.91      0.98      0.94     15000
           2       0.77      0.81      0.79     15000
           3       0.93      0.98      0.95     15000
           4       0.97      0.99      0.98     15000
           5       0.80      0.63      0.70     15000

    accuracy                           0.88     90000
   macro avg       0.88      0.88      0.88     90000
weighted avg       0.88      0.88      0.88     90000

[[13579   279   110   657     0   375]
 [  106 14763    95     9     0    27]
 [   13   931 12174     1    17  1864]
 [  240     3     0 14681    43    33]
 [    2     0     5    50 14825   118]
 [ 1074   291  3345   430   468  9392]]