Dataset : IP
N times : 25
TAU : 1.8
97.72999999999999 Overall accuracy (%)
97.276 Kappa accuracy (%)
97.73 Average accuracy (%)

              precision    recall  f1-score   support

           0       1.00      1.00      1.00     15000
           1       1.00      1.00      1.00     15000
           2       1.00      1.00      1.00     15000
           3       0.88      1.00      0.94     15000
           4       1.00      0.86      0.93     15000
           5       1.00      1.00      1.00     15000

    accuracy                           0.98     90000
   macro avg       0.98      0.98      0.98     90000
weighted avg       0.98      0.98      0.98     90000

[[15000     0     0     0     0     0]
 [    1 14999     0     0     0     0]
 [    0     0 15000     0     0     0]
 [    0     0     0 14999     1     0]
 [    0     0     0  2041 12959     0]
 [    0     0     0     0     0 15000]]