Dataset : IP
N times : 25
TAU : 1.8
83.50082934920479 Overall accuracy (%)
81.38146802440505 Kappa accuracy (%)
87.66197229322717 Average accuracy (%)

              precision    recall  f1-score   support

           1       0.35      0.96      0.51        46
           2       0.85      0.61      0.71      1428
           3       0.78      0.78      0.78       830
           4       0.35      0.89      0.50       237
           5       0.98      0.83      0.90       483
           6       0.99      1.00      0.99       730
           7       0.27      1.00      0.42        28
           8       1.00      0.95      0.97       478
           9       0.38      1.00      0.55        20
          10       0.93      0.86      0.90       972
          11       0.90      0.84      0.87      2455
          12       0.55      0.66      0.60       593
          13       0.92      0.68      0.78       205
          14       1.00      0.98      0.99      1265
          15       0.88      0.98      0.93       386
          16       0.54      0.99      0.70        93

    accuracy                           0.84     10249
   macro avg       0.73      0.88      0.76     10249
weighted avg       0.87      0.84      0.84     10249

[[  44    0    0    0    0    0    0    1    0    0    0    1    0    0
     0    0]
 [  16  878   52  306    0    2    0    0    0    2   99   71    2    0
     0    0]
 [   0   10  649   85    0    0    0    0   27    0   14   45    0    0
     0    0]
 [   0   18    4  212    0    0    0    0    0    0    0    3    0    0
     0    0]
 [   3    0    0    0  403    0   76    0    0    0    0    1    0    0
     0    0]
 [   0    0    0    0    0  730    0    0    0    0    0    0    0    0
     0    0]
 [   0    0    0    0    0    0   28    0    0    0    0    0    0    0
     0    0]
 [  24    0    0    0    0    0    0  454    0    0    0    0    0    0
     0    0]
 [   0    0    0    0    0    0    0    0   20    0    0    0    0    0
     0    0]
 [  21    4    0    0    0    0    0    0    0  839   28   21    0    0
     0   59]
 [   2   91   58    7    8    9    0    0    0   42 2056  168    1    0
    13    0]
 [  16   22   39    0    0    0    0    0    0   18   84  392    0    0
     3   19]
 [   0    0   26    0    0    0    0    0    6    0    0    0  140    0
    33    0]
 [   1   11    0    0    0    0    0    0    0    0    0    4    2 1244
     3    0]
 [   0    0    0    0    0    0    0    0    0    0    0    1    8    0
   377    0]
 [   0    0    0    0    0    0    0    0    0    0    0    1    0    0
     0   92]]