Dataset : IP
N times : 5
TAU : 1.8
72.60220509317983 Overall accuracy (%)
69.45765200476771 Kappa accuracy (%)
82.80794131010691 Average accuracy (%)

              precision    recall  f1-score   support

           1       0.42      0.98      0.58        46
           2       0.62      0.74      0.67      1428
           3       0.83      0.88      0.85       830
           4       0.50      0.89      0.64       237
           5       0.91      0.88      0.89       483
           6       1.00      0.98      0.99       730
           7       0.38      0.96      0.54        28
           8       0.99      0.91      0.95       478
           9       0.62      1.00      0.77        20
          10       0.56      0.76      0.65       972
          11       0.82      0.43      0.56      2455
          12       0.37      0.39      0.38       593
          13       0.65      0.68      0.66       205
          14       0.99      0.96      0.97      1265
          15       0.80      0.82      0.81       386
          16       0.27      1.00      0.43        93

    accuracy                           0.73     10249
   macro avg       0.67      0.83      0.71     10249
weighted avg       0.77      0.73      0.73     10249

[[  45    0    0    0    0    0    0    1    0    0    0    0    0    0
     0    0]
 [   3 1054   23  100    0    0    0    0    0   29   56  134    0    0
     0   29]
 [   0    5  729   67    1    0    0    0    3    0    7   18    0    0
     0    0]
 [   0   15    9  210    0    0    0    0    0    0    1    2    0    0
     0    0]
 [   0    0    3   12  423    0   17    0    9    0    0    0    1   15
     3    0]
 [   1    0    0    0    0  714   10    0    0    0    0    0    0    0
     5    0]
 [   0    0    0    0    1    0   27    0    0    0    0    0    0    0
     0    0]
 [  43    0    0    0    0    0    1  434    0    0    0    0    0    0
     0    0]
 [   0    0    0    0    0    0    0    0   20    0    0    0    0    0
     0    0]
 [   0   24   16    0    1    0    1    0    0  740  118   55    0    0
     0   17]
 [  16  436   56   14    2    1    4    3    0  497 1051  196    0    0
     5  174]
 [   0  174   44   13    2    0    1    0    0   49   47  234    1    0
     0   28]
 [   0    0    3    0   18    0    0    0    0    0    0    0  139    0
    45    0]
 [   0    0    0    0   13    0   10    0    0    0    0    0   11 1210
    21    0]
 [   0    0    0    0    2    0    1    0    0    0    0    0   62    3
   318    0]
 [   0    0    0    0    0    0    0    0    0    0    0    0    0    0
     0   93]]