Dataset : IP
N times : 5
TAU : 1.8
98.38444444444444 Overall accuracy (%)
98.06133333333334 Kappa accuracy (%)
98.38444444444444 Average accuracy (%)

              precision    recall  f1-score   support

           0       1.00      1.00      1.00     15000
           1       1.00      1.00      1.00     15000
           2       1.00      1.00      1.00     15000
           3       0.92      1.00      0.96     15000
           4       1.00      0.91      0.95     15000
           5       0.99      1.00      1.00     15000

    accuracy                           0.98     90000
   macro avg       0.98      0.98      0.98     90000
weighted avg       0.98      0.98      0.98     90000

[[14957     2    41     0     0     0]
 [    1 14999     0     0     0     0]
 [    0     0 15000     0     0     0]
 [    0     0     0 15000     0     0]
 [    0     0     0  1268 13590   142]
 [    0     0     0     0     0 15000]]