Dataset : IP
N times : 5
TAU : 1.8
68.07493413991608 Overall accuracy (%)
64.5362556725002 Kappa accuracy (%)
75.3897227955941 Average accuracy (%)

              precision    recall  f1-score   support

           1       0.14      0.43      0.22        46
           2       0.57      0.55      0.56      1428
           3       0.54      0.75      0.63       830
           4       0.25      0.65      0.36       237
           5       0.95      0.90      0.92       483
           6       0.99      0.94      0.96       730
           7       0.67      0.93      0.78        28
           8       0.94      0.80      0.86       478
           9       0.21      1.00      0.34        20
          10       0.61      0.68      0.64       972
          11       0.82      0.42      0.55      2455
          12       0.49      0.70      0.58       593
          13       0.51      0.47      0.49       205
          14       0.98      0.95      0.97      1265
          15       0.72      0.88      0.79       386
          16       0.62      1.00      0.77        93

    accuracy                           0.68     10249
   macro avg       0.62      0.75      0.65     10249
weighted avg       0.73      0.68      0.69     10249

[[  20    0    0    0    0    0    1   23    0    0    0    2    0    0
     0    0]
 [   1  790   66  245    2    0    0    1    3   76   68  166    7    0
     0    3]
 [   0   26  625  140    0    5    0    0   29    0    2    2    0    0
     0    1]
 [   0   45   35  153    0    0    0    0    0    0    0    3    1    0
     0    0]
 [   6    0    0    0  436    0   10    0    1    0    0    1    2   23
     4    0]
 [   0    0    0    0    0  684    0    0   26    0    0    0   19    0
     1    0]
 [   0    0    0    0    2    0   26    0    0    0    0    0    0    0
     0    0]
 [  95    0    0    0    0    0    1  382    0    0    0    0    0    0
     0    0]
 [   0    0    0    0    0    0    0    0   20    0    0    0    0    0
     0    0]
 [   0    6   43    6    2    0    0    0    9  658  157   84    3    0
     0    4]
 [   0  444  353   40   10    2    0    0    5  351 1029  179   15    0
     0   27]
 [  16   85    6   36    0    0    1    2    0    0    6  416    3    0
     1   21]
 [   0    0   25    0    0    0    0    0    3    0    0    0   97    0
    80    0]
 [   0    0    0    0    9    0    0    0    0    0    0    0    0 1207
    49    0]
 [   0    0    0    0    0    0    0    0    0    0    0    0   43    1
   341    1]
 [   0    0    0    0    0    0    0    0    0    0    0    0    0    0
     0   93]]