Dataset : IP
N times : 5
TAU : 1.8
98.12111111111112 Overall accuracy (%)
97.74533333333333 Kappa accuracy (%)
98.12111111111112 Average accuracy (%)

              precision    recall  f1-score   support

           0       1.00      0.97      0.99     15000
           1       1.00      1.00      1.00     15000
           2       0.98      1.00      0.99     15000
           3       0.93      0.99      0.96     15000
           4       0.99      0.92      0.95     15000
           5       1.00      1.00      1.00     15000

    accuracy                           0.98     90000
   macro avg       0.98      0.98      0.98     90000
weighted avg       0.98      0.98      0.98     90000

[[14619     2   379     0     0     0]
 [    0 15000     0     0     0     0]
 [    1     0 14999     0     0     0]
 [    0     0     0 14903    97     0]
 [    0     0     0  1144 13791    65]
 [    0     0     0     0     3 14997]]