Dataset : IP
N times : 5
TAU : 1.8
97.29444444444444 Overall accuracy (%)
96.75333333333333 Kappa accuracy (%)
97.29444444444445 Average accuracy (%)

              precision    recall  f1-score   support

           0       1.00      0.99      1.00     15000
           1       0.99      1.00      1.00     15000
           2       1.00      1.00      1.00     15000
           3       0.88      0.99      0.93     15000
           4       0.98      0.86      0.92     15000
           5       1.00      1.00      1.00     15000

    accuracy                           0.97     90000
   macro avg       0.98      0.97      0.97     90000
weighted avg       0.98      0.97      0.97     90000

[[14867    96    37     0     0     0]
 [    1 14998     1     0     0     0]
 [    0     0 15000     0     0     0]
 [    0     0     0 14808   192     0]
 [    0     0     0  2038 12904    58]
 [    0     0     0     0    12 14988]]