Dataset : IP
N times : 5
TAU : 1.8
65.84056981168894 Overall accuracy (%)
62.13091592881048 Kappa accuracy (%)
76.48127211439551 Average accuracy (%)

              precision    recall  f1-score   support

           1       0.45      0.85      0.59        46
           2       0.62      0.57      0.59      1428
           3       0.33      0.60      0.42       830
           4       0.14      0.42      0.21       237
           5       0.98      0.89      0.94       483
           6       1.00      0.91      0.95       730
           7       0.62      1.00      0.77        28
           8       0.99      0.97      0.98       478
           9       0.19      0.95      0.31        20
          10       0.66      0.66      0.66       972
          11       0.68      0.32      0.44      2455
          12       0.69      0.84      0.76       593
          13       0.54      0.37      0.43       205
          14       0.99      0.97      0.98      1265
          15       0.74      0.92      0.82       386
          16       0.67      0.98      0.79        93

    accuracy                           0.66     10249
   macro avg       0.64      0.76      0.67     10249
weighted avg       0.72      0.66      0.66     10249

[[  39    0    0    0    0    0    0    7    0    0    0    0    0    0
     0    0]
 [   1  816   41  344    0    0    0    0    4   48   85   78    9    2
     0    0]
 [   0   42  496   11    0    0    0    0    5  137  136    3    0    0
     0    0]
 [   0   59    5  100    0    0    0    0    0    3   24   46    0    0
     0    0]
 [  19    0    0    0  432    0   11    0    0    0    0    5    1   11
     4    0]
 [   0    0    1    0    0  667    0    0   55    0    0    0    6    0
     1    0]
 [   0    0    0    0    0    0   28    0    0    0    0    0    0    0
     0    0]
 [  10    0    0    0    0    0    3  465    0    0    0    0    0    0
     0    0]
 [   0    0    0    0    0    1    0    0   19    0    0    0    0    0
     0    0]
 [   1   28  117   34    0    0    0    0    8  641  117   25    1    0
     0    0]
 [  16  370  832  213    0    1    0    0    6  133  793   63   19    1
     3    5]
 [   0    8    2   24    0    0    0    0    1   14    0  501    3    0
     1   39]
 [   0    3   22    3    0    0    0    0    4    1    7    0   75    0
    90    0]
 [   1    0    0    0    7    0    3    0    0    0    0    0    0 1228
    25    1]
 [   0    0    0    1    0    0    0    0    0    0    0    0   26    2
   357    0]
 [   0    0    0    0    0    0    0    0    0    0    0    2    0    0
     0   91]]