Dataset : IP
N times : 5
TAU : 1.8
97.46111111111111 Overall accuracy (%)
96.95333333333333 Kappa accuracy (%)
97.46111111111112 Average accuracy (%)

              precision    recall  f1-score   support

           0       1.00      1.00      1.00     15000
           1       1.00      1.00      1.00     15000
           2       1.00      1.00      1.00     15000
           3       0.87      1.00      0.93     15000
           4       1.00      0.85      0.92     15000
           5       1.00      1.00      1.00     15000

    accuracy                           0.97     90000
   macro avg       0.98      0.97      0.97     90000
weighted avg       0.98      0.97      0.97     90000

[[15000     0     0     0     0     0]
 [    0 15000     0     0     0     0]
 [    0     0 15000     0     0     0]
 [    0     0     0 15000     0     0]
 [    0     0     0  2285 12715     0]
 [    0     0     0     0     0 15000]]