Dataset : IP
N times : 5
TAU : 1.8
69.19699482876378 Overall accuracy (%)
65.8680143241688 Kappa accuracy (%)
79.38642429472327 Average accuracy (%)

              precision    recall  f1-score   support

           1       0.28      0.89      0.43        46
           2       0.61      0.72      0.66      1428
           3       0.49      0.79      0.60       830
           4       0.15      0.38      0.22       237
           5       1.00      0.77      0.87       483
           6       1.00      0.97      0.99       730
           7       0.23      1.00      0.37        28
           8       0.99      0.79      0.88       478
           9       0.14      1.00      0.24        20
          10       0.60      0.66      0.63       972
          11       0.82      0.34      0.48      2455
          12       0.70      0.83      0.76       593
          13       0.78      0.64      0.71       205
          14       1.00      0.95      0.98      1265
          15       0.85      0.97      0.91       386
          16       0.58      1.00      0.73        93

    accuracy                           0.69     10249
   macro avg       0.64      0.79      0.65     10249
weighted avg       0.76      0.69      0.70     10249

[[  41    0    0    0    0    0    0    5    0    0    0    0    0    0
     0    0]
 [   1 1033    5  155    0    0    0    0    2  129   55   47    1    0
     0    0]
 [   0   32  652   35    0    0    0    0   29   46   25    7    4    0
     0    0]
 [   0   95   14   89    0    0    0    0    0    9   22    8    0    0
     0    0]
 [   5    0    0    3  370    0   93    0    1    0    0    5    0    0
     6    0]
 [   0    0    0    0    0  710    0    0    6    0    0    0   14    0
     0    0]
 [   0    0    0    0    0    0   28    0    0    0    0    0    0    0
     0    0]
 [  98    0    0    0    0    0    1  379    0    0    0    0    0    0
     0    0]
 [   0    0    0    0    0    0    0    0   20    0    0    0    0    0
     0    0]
 [   0   31  107   34    0    0    0    0   14  638   85   62    1    0
     0    0]
 [   0  469  550  269    0    0    0    0   51  200  834   72    5    0
     0    5]
 [   0   20    5    1    0    0    0    0    5   33    0  494    0    0
     1   34]
 [   0    0    9    0    0    1    0    0   20    0    1    0  132    0
    42    0]
 [   0    0    0    0    0    0    0    0    0    0    0   15    0 1205
    16   29]
 [   0    0    0    0    0    0    0    0    0    0    0    0   12    0
   374    0]
 [   0    0    0    0    0    0    0    0    0    0    0    0    0    0
     0   93]]