Dataset : IP
N times : 5
TAU : 1.8
67.58708166650405 Overall accuracy (%)
63.96283649764973 Kappa accuracy (%)
76.51169448085642 Average accuracy (%)

              precision    recall  f1-score   support

           1       0.22      0.54      0.32        46
           2       0.54      0.59      0.56      1428
           3       0.46      0.75      0.57       830
           4       0.25      0.62      0.35       237
           5       0.95      0.88      0.91       483
           6       0.99      0.87      0.93       730
           7       0.50      0.96      0.66        28
           8       0.95      0.84      0.89       478
           9       0.16      1.00      0.27        20
          10       0.55      0.52      0.54       972
          11       0.78      0.39      0.52      2455
          12       0.69      0.89      0.78       593
          13       0.65      0.51      0.57       205
          14       0.99      0.98      0.98      1265
          15       0.78      0.94      0.85       386
          16       0.68      0.96      0.80        93

    accuracy                           0.68     10249
   macro avg       0.63      0.77      0.66     10249
weighted avg       0.73      0.68      0.68     10249

[[  25    0    0    0    0    0    0   21    0    0    0    0    0    0
     0    0]
 [   1  837   68  212    1    0    0    0    2  161  101   39    5    0
     0    1]
 [   0   49  624   45    0    3    0    0    2   33   68    0    6    0
     0    0]
 [   0   48   23  147    0    0    0    0    0    4    4    9    2    0
     0    0]
 [  14    0    0    1  424    0   19    0    9    0    0    0    0   15
     1    0]
 [   0    0    0    0    0  637    0    0   80    0    0    0    9    0
     4    0]
 [   0    0    0    0    1    0   27    0    0    0    0    0    0    0
     0    0]
 [  72    0    0    0    0    0    3  403    0    0    0    0    0    0
     0    0]
 [   0    0    0    0    0    0    0    0   20    0    0    0    0    0
     0    0]
 [   0  123   54   40    2    0    0    0    5  510   93  141    4    0
     0    0]
 [   0  495  575  136   17    5    4    0    9  203  953   39    7    0
     0   12]
 [   0    4    1   10    1    0    0    0    0   15    2  527    2    0
     3   28]
 [   0    0   25    0    0    0    0    0    0    0    2    0  104    0
    74    0]
 [   0    0    0    1    2    0    1    0    0    0    0    0    0 1238
    23    0]
 [   0    0    0    0    0    0    0    0    0    0    0    0   22    2
   362    0]
 [   0    0    0    0    0    0    0    0    0    0    0    4    0    0
     0   89]]