Dataset : IP
N times : 5
TAU : 1.8
98.97777777777777 Overall accuracy (%)
98.77333333333334 Kappa accuracy (%)
98.97777777777777 Average accuracy (%)

              precision    recall  f1-score   support

           0       1.00      0.97      0.98     15000
           1       1.00      1.00      1.00     15000
           2       0.97      1.00      0.98     15000
           3       0.98      1.00      0.99     15000
           4       1.00      0.97      0.99     15000
           5       0.99      1.00      1.00     15000

    accuracy                           0.99     90000
   macro avg       0.99      0.99      0.99     90000
weighted avg       0.99      0.99      0.99     90000

[[14498     0   502     0     0     0]
 [    0 14998     2     0     0     0]
 [    0     0 15000     0     0     0]
 [    0     0     0 15000     0     0]
 [    0     0     0   270 14587   143]
 [    0     0     0     0     3 14997]]