Dataset : IP
N times : 25
TAU : 1.8
91.43331056688457 Overall accuracy (%)
90.2741598116374 Kappa accuracy (%)
90.9255640892222 Average accuracy (%)

              precision    recall  f1-score   support

           1       0.47      0.78      0.59        46
           2       0.89      0.80      0.84      1428
           3       0.95      0.87      0.91       830
           4       0.41      0.68      0.51       237
           5       1.00      0.84      0.91       483
           6       0.93      1.00      0.96       730
           7       0.27      0.96      0.43        28
           8       0.98      0.91      0.95       478
           9       0.49      1.00      0.66        20
          10       0.97      0.94      0.96       972
          11       0.96      0.94      0.95      2455
          12       0.87      0.95      0.91       593
          13       0.94      0.93      0.93       205
          14       1.00      0.99      1.00      1265
          15       0.96      0.99      0.97       386
          16       0.76      0.96      0.85        93

    accuracy                           0.91     10249
   macro avg       0.80      0.91      0.83     10249
weighted avg       0.93      0.91      0.92     10249

[[  36    0    0    0    0    0    3    7    0    0    0    0    0    0
     0    0]
 [   0 1136   13  166    0    3    0    0    0    0   67   40    0    0
     2    1]
 [   0    2  726   66    0    4    0    0    5    0    5   19    3    0
     0    0]
 [   0   60    9  161    0    0    0    0    0    0    0    6    1    0
     0    0]
 [   1    0    0    0  406    0   68    0    8    0    0    0    0    0
     0    0]
 [   0    0    0    0    0  729    0    0    1    0    0    0    0    0
     0    0]
 [   0    0    0    0    1    0   27    0    0    0    0    0    0    0
     0    0]
 [  40    0    0    0    0    0    1  437    0    0    0    0    0    0
     0    0]
 [   0    0    0    0    0    0    0    0   20    0    0    0    0    0
     0    0]
 [   0    5    2    0    0   11    0    0    0  912   27   15    0    0
     0    0]
 [   0   78    2    2    0   32    0    0    4   24 2297    0    7    3
     0    6]
 [   0    0    7    0    0    0    0    0    1    0    0  565    0    0
     0   20]
 [   0    0    4    0    0    2    0    0    2    0    0    0  190    0
     7    0]
 [   0    0    0    0    0    0    0    0    0    0    0    0    0 1256
     9    0]
 [   0    0    0    0    0    0    0    0    0    0    0    0    1    0
   384    1]
 [   0    0    0    0    0    0    0    0    0    0    0    4    0    0
     0   89]]