Dataset : IP
N times : 25
TAU : 1.8
95.89228217387063 Overall accuracy (%)
95.32045148077846 Kappa accuracy (%)
92.47395553397271 Average accuracy (%)

              precision    recall  f1-score   support

           1       0.47      0.76      0.58        46
           2       0.95      0.94      0.95      1428
           3       0.93      0.97      0.95       830
           4       0.56      0.48      0.52       237
           5       1.00      0.98      0.99       483
           6       1.00      1.00      1.00       730
           7       0.67      1.00      0.80        28
           8       0.99      0.92      0.95       478
           9       0.62      1.00      0.77        20
          10       0.98      1.00      0.99       972
          11       0.99      0.99      0.99      2455
          12       0.97      0.89      0.93       593
          13       0.99      0.92      0.95       205
          14       1.00      1.00      1.00      1265
          15       0.97      1.00      0.98       386
          16       0.59      0.97      0.73        93

    accuracy                           0.96     10249
   macro avg       0.86      0.92      0.88     10249
weighted avg       0.96      0.96      0.96     10249

[[  35    0    0    0    0    0    3    5    0    0    0    3    0    0
     0    0]
 [   0 1343    1   68    0    0    0    0    0    2   14    0    0    0
     0    0]
 [   0    0  806   20    0    0    0    0    4    0    0    0    0    0
     0    0]
 [   0   53   59  113    0    0    0    0    0    0    0   12    0    0
     0    0]
 [   0    0    0    0  471    0   10    0    2    0    0    0    0    0
     0    0]
 [   0    0    0    0    0  730    0    0    0    0    0    0    0    0
     0    0]
 [   0    0    0    0    0    0   28    0    0    0    0    0    0    0
     0    0]
 [  39    0    0    0    0    0    1  438    0    0    0    0    0    0
     0    0]
 [   0    0    0    0    0    0    0    0   20    0    0    0    0    0
     0    0]
 [   0    0    0    0    0    0    0    0    0  968    3    1    0    0
     0    0]
 [   0   13    0    0    0    0    0    0    0   20 2420    0    1    0
     1    0]
 [   0    0    1    0    0    0    0    0    0    0    0  529    0    0
     0   63]
 [   0    0    2    0    0    0    0    0    6    0    0    0  188    0
     9    0]
 [   0    0    0    0    0    0    0    0    0    0    0    0    0 1264
     1    0]
 [   0    0    0    0    0    0    0    0    0    0    0    0    1    0
   385    0]
 [   0    3    0    0    0    0    0    0    0    0    0    0    0    0
     0   90]]