Dataset : IP
N times : 25
TAU : 1.8
97.2611111111111 Overall accuracy (%)
96.71333333333332 Kappa accuracy (%)
97.2611111111111 Average accuracy (%)

              precision    recall  f1-score   support

           0       0.98      0.89      0.94     15000
           1       0.99      1.00      1.00     15000
           2       0.91      0.98      0.94     15000
           3       0.96      1.00      0.98     15000
           4       1.00      0.96      0.98     15000
           5       1.00      1.00      1.00     15000

    accuracy                           0.97     90000
   macro avg       0.97      0.97      0.97     90000
weighted avg       0.97      0.97      0.97     90000

[[13399    81  1520     0     0     0]
 [    1 14999     0     0     0     0]
 [  241     0 14759     0     0     0]
 [    0     0     0 15000     0     0]
 [    0     0     0   622 14378     0]
 [    0     0     0     0     0 15000]]