Dataset : IP
N times : 25
TAU : 1.6
99.49777777777777 Overall accuracy (%)
99.39733333333334 Kappa accuracy (%)
99.49777777777777 Average accuracy (%)

              precision    recall  f1-score   support

           0       1.00      0.99      0.99      3750
           1       1.00      1.00      1.00      3750
           2       0.99      1.00      0.99      3750
           3       0.98      1.00      0.99      3750
           4       1.00      0.98      0.99      3750
           5       1.00      1.00      1.00      3750

    accuracy                           0.99     22500
   macro avg       1.00      0.99      0.99     22500
weighted avg       1.00      0.99      0.99     22500

[[3706    0   44    0    0    0]
 [   0 3750    0    0    0    0]
 [   0    0 3750    0    0    0]
 [   0    0    0 3750    0    0]
 [   0    0    0   69 3681    0]
 [   0    0    0    0    0 3750]]