Dataset : IP
N times : 25
TAU : 1.6
99.2088888888889 Overall accuracy (%)
99.05066666666667 Kappa accuracy (%)
99.2088888888889 Average accuracy (%)

              precision    recall  f1-score   support

           0       1.00      1.00      1.00      3750
           1       1.00      1.00      1.00      3750
           2       1.00      1.00      1.00      3750
           3       0.96      1.00      0.98      3750
           4       1.00      0.96      0.98      3750
           5       1.00      1.00      1.00      3750

    accuracy                           0.99     22500
   macro avg       0.99      0.99      0.99     22500
weighted avg       0.99      0.99      0.99     22500

[[3739    0   11    0    0    0]
 [   8 3742    0    0    0    0]
 [   0    0 3750    0    0    0]
 [   0    0    0 3750    0    0]
 [   0    0    0  159 3591    0]
 [   0    0    0    0    0 3750]]