Dataset : IP
N times : 25
TAU : 1.6
98.36444444444444 Overall accuracy (%)
98.03733333333334 Kappa accuracy (%)
98.36444444444444 Average accuracy (%)

              precision    recall  f1-score   support

           0       1.00      0.98      0.99      3750
           1       1.00      1.00      1.00      3750
           2       0.98      1.00      0.99      3750
           3       0.93      1.00      0.97      3750
           4       1.00      0.93      0.96      3750
           5       1.00      1.00      1.00      3750

    accuracy                           0.98     22500
   macro avg       0.98      0.98      0.98     22500
weighted avg       0.98      0.98      0.98     22500

[[3663    1   86    0    0    0]
 [  10 3740    0    0    0    0]
 [   0    0 3750    0    0    0]
 [   0    0    0 3750    0    0]
 [   0    0    0  271 3479    0]
 [   0    0    0    0    0 3750]]