Dataset : SA
N times : 25
TAU : 1
94.19888888888889 Overall accuracy (%)
93.03866666666667 Kappa accuracy (%)
94.19888888888889 Average accuracy (%)

              precision    recall  f1-score   support

           0       1.00      1.00      1.00     15000
           1       0.98      1.00      0.99     15000
           2       1.00      0.98      0.99     15000
           3       0.76      0.98      0.86     15000
           4       0.99      1.00      1.00     15000
           5       0.97      0.69      0.81     15000

    accuracy                           0.94     90000
   macro avg       0.95      0.94      0.94     90000
weighted avg       0.95      0.94      0.94     90000

[[15000     0     0     0     0     0]
 [    0 15000     0     0     0     0]
 [    0   249 14751     0     0     0]
 [    0     0     0 14689     0   311]
 [    0     0     0     2 14998     0]
 [    0     0     0  4522   137 10341]]