Dataset : IP
N times : 25
TAU : 1.8
99.06111111111112 Overall accuracy (%)
98.87333333333333 Kappa accuracy (%)
99.06111111111112 Average accuracy (%)

              precision    recall  f1-score   support

           0       1.00      0.99      1.00     15000
           1       1.00      1.00      1.00     15000
           2       0.99      1.00      1.00     15000
           3       0.95      1.00      0.98     15000
           4       1.00      0.95      0.98     15000
           5       1.00      1.00      1.00     15000

    accuracy                           0.99     90000
   macro avg       0.99      0.99      0.99     90000
weighted avg       0.99      0.99      0.99     90000

[[14890     0   110     0     0     0]
 [    3 14996     1     0     0     0]
 [    0     0 15000     0     0     0]
 [    0     0     0 15000     0     0]
 [    0     0     0   731 14269     0]
 [    0     0     0     0     0 15000]]