Dataset : IP
N times : 25
TAU : 1.8
92.15533222753439 Overall accuracy (%)
91.08159854257738 Kappa accuracy (%)
91.52915663217453 Average accuracy (%)

              precision    recall  f1-score   support

           1       0.23      0.70      0.35        46
           2       0.93      0.78      0.85      1428
           3       0.90      0.91      0.91       830
           4       0.48      0.81      0.60       237
           5       1.00      0.96      0.98       483
           6       1.00      1.00      1.00       730
           7       0.53      1.00      0.69        28
           8       0.96      0.78      0.86       478
           9       0.71      1.00      0.83        20
          10       0.94      0.95      0.95       972
          11       0.94      0.95      0.95      2455
          12       0.96      0.95      0.95       593
          13       0.95      0.88      0.91       205
          14       1.00      0.99      1.00      1265
          15       0.97      0.99      0.98       386
          16       0.75      1.00      0.86        93

    accuracy                           0.92     10249
   macro avg       0.83      0.92      0.85     10249
weighted avg       0.94      0.92      0.93     10249

[[  32    0    0    0    0    0    0   14    0    0    0    0    0    0
     0    0]
 [   0 1112   27  170    0    0    0    0    1    8  101    3    0    0
     0    6]
 [   0   32  754   28    0    0    0    0    2    8    1    0    5    0
     0    0]
 [   0   28    6  191    0    0    0    0    0    0    0   12    0    0
     0    0]
 [   0    0    0    0  462    0   20    0    0    0    0    0    0    0
     1    0]
 [   0    0    1    0    0  728    0    0    0    0    0    0    0    0
     1    0]
 [   0    0    0    0    0    0   28    0    0    0    0    0    0    0
     0    0]
 [ 105    0    0    0    0    0    0  373    0    0    0    0    0    0
     0    0]
 [   0    0    0    0    0    0    0    0   20    0    0    0    0    0
     0    0]
 [   0    0    3    0    0    1    0    0    0  924   38    5    0    0
     1    0]
 [   0   28   26    7    0    0    1    0    0   43 2344    5    1    0
     0    0]
 [   0    1    1    0    0    0    3    0    0    0    0  563    0    0
     0   25]
 [   0    0   17    0    0    0    0    0    5    0    0    0  181    0
     2    0]
 [   0    0    0    1    0    0    1    0    0    0    0    0    0 1258
     5    0]
 [   0    0    0    0    0    0    0    0    0    0    0    0    4    0
   382    0]
 [   0    0    0    0    0    0    0    0    0    0    0    0    0    0
     0   93]]