Dataset : IP
N times : 25
TAU : 1.8
97.10444444444445 Overall accuracy (%)
96.52533333333334 Kappa accuracy (%)
97.10444444444444 Average accuracy (%)

              precision    recall  f1-score   support

           0       1.00      0.93      0.96     15000
           1       1.00      0.97      0.99     15000
           2       0.91      1.00      0.95     15000
           3       0.94      0.98      0.96     15000
           4       0.98      0.94      0.96     15000
           5       1.00      1.00      1.00     15000

    accuracy                           0.97     90000
   macro avg       0.97      0.97      0.97     90000
weighted avg       0.97      0.97      0.97     90000

[[13939     1  1060     0     0     0]
 [    0 14611   389     0     0     0]
 [    0     0 15000     0     0     0]
 [    0     0     0 14708   292     0]
 [    0     0     0   864 14136     0]
 [    0     0     0     0     0 15000]]