Dataset : IP
N times : 25
TAU : 1.8
94.7604644355547 Overall accuracy (%)
94.03826315280645 Kappa accuracy (%)
93.47474228291655 Average accuracy (%)

              precision    recall  f1-score   support

           1       0.31      0.89      0.46        46
           2       0.95      0.90      0.92      1428
           3       0.93      0.97      0.95       830
           4       0.60      0.72      0.66       237
           5       1.00      0.99      1.00       483
           6       1.00      1.00      1.00       730
           7       0.78      1.00      0.88        28
           8       1.00      0.81      0.89       478
           9       0.57      1.00      0.73        20
          10       0.97      0.98      0.97       972
          11       0.97      0.96      0.97      2455
          12       0.95      0.92      0.94       593
          13       0.97      0.83      0.89       205
          14       1.00      1.00      1.00      1265
          15       0.99      0.98      0.99       386
          16       0.65      1.00      0.79        93

    accuracy                           0.95     10249
   macro avg       0.85      0.93      0.88     10249
weighted avg       0.96      0.95      0.95     10249

[[  41    0    0    0    0    0    4    0    0    0    0    1    0    0
     0    0]
 [   0 1279    8   90    0    0    0    0    1    0   46    2    0    1
     0    1]
 [   0    0  805   22    0    0    0    0    2    0    0    0    1    0
     0    0]
 [   0   14   32  171    0    0    0    0    0    0    0   20    0    0
     0    0]
 [   0    0    0    0  479    0    3    0    1    0    0    0    0    0
     0    0]
 [   0    0    0    0    0  729    0    0    0    0    0    0    0    0
     1    0]
 [   0    0    0    0    0    0   28    0    0    0    0    0    0    0
     0    0]
 [  90    0    0    0    0    0    1  387    0    0    0    0    0    0
     0    0]
 [   0    0    0    0    0    0    0    0   20    0    0    0    0    0
     0    0]
 [   0    0    0    0    0    0    0    0    0  954   16    2    0    0
     0    0]
 [   0   52    1    0    0    1    0    0    0   33 2367    1    0    0
     0    0]
 [   0    0    0    0    0    0    0    0    0    0    0  545    0    0
     0   48]
 [   0    0   23    0    0    0    0    0   10    0    0    0  170    0
     2    0]
 [   0    0    0    1    0    0    0    0    0    0    0    0    0 1264
     0    0]
 [   0    0    0    0    0    0    0    0    1    0    0    0    5    0
   380    0]
 [   0    0    0    0    0    0    0    0    0    0    0    0    0    0
     0   93]]