Dataset : IP
N times : 25
TAU : 1.8
68.56278661332813 Overall accuracy (%)
64.51183539992316 Kappa accuracy (%)
83.74869831955803 Average accuracy (%)

              precision    recall  f1-score   support

           1       0.57      1.00      0.73        46
           2       0.46      0.36      0.41      1428
           3       0.83      0.99      0.90       830
           4       0.51      0.96      0.67       237
           5       0.69      0.87      0.77       483
           6       0.94      0.83      0.88       730
           7       0.50      1.00      0.67        28
           8       1.00      1.00      1.00       478
           9       0.28      1.00      0.43        20
          10       0.41      0.34      0.37       972
          11       0.67      0.65      0.66      2455
          12       0.70      0.88      0.78       593
          13       1.00      1.00      1.00       205
          14       0.89      0.60      0.71      1265
          15       0.54      0.93      0.68       386
          16       0.86      1.00      0.93        93

    accuracy                           0.69     10249
   macro avg       0.68      0.84      0.72     10249
weighted avg       0.69      0.69      0.68     10249

[[  46    0    0    0    0    0    0    0    0    0    0    0    0    0
     0    0]
 [   0  514   56  207    0    6    0    0   34  132  364   94    0   15
     6    0]
 [   0    2  818    0    0    0    0    0    9    0    0    0    0    1
     0    0]
 [   0    1    0  227    0    1    0    0    8    0    0    0    0    0
     0    0]
 [   0    4   12    0  419    0   24    0    0    0    0    1    0   20
     1    2]
 [  34   16    3    4    0  604    0    0    0    0    0    0    0    0
    69    0]
 [   0    0    0    0    0    0   28    0    0    0    0    0    0    0
     0    0]
 [   0    0    0    0    0    0    0  478    0    0    0    0    0    0
     0    0]
 [   0    0    0    0    0    0    0    0   20    0    0    0    0    0
     0    0]
 [   0   60   22    2    1    0    0    0    0  334  419  121    0   12
     1    0]
 [   0  468   37    0    0    0    0    0    0  334 1608    0    0    8
     0    0]
 [   0   35    0    0    0    0    4    0    0   20    0  520    0    9
     0    5]
 [   0    0    0    0    0    0    0    0    0    0    0    0  205    0
     0    0]
 [   0   10   42    3  185   29    0    0    1    0    0    2    1  754
   230    8]
 [   0    0    0    0    0    0    0    0    0    0    0    0    0   27
   359    0]
 [   0    0    0    0    0    0    0    0    0    0    0    0    0    0
     0   93]]