Dataset : IP
N times : 25
TAU : 1.8
97.06444444444445 Overall accuracy (%)
96.47733333333333 Kappa accuracy (%)
97.06444444444445 Average accuracy (%)

              precision    recall  f1-score   support

           0       0.96      0.97      0.97     15000
           1       0.97      0.95      0.96     15000
           2       0.98      1.00      0.99     15000
           3       0.96      1.00      0.98     15000
           4       0.98      0.95      0.97     15000
           5       0.96      0.95      0.95     15000

    accuracy                           0.97     90000
   macro avg       0.97      0.97      0.97     90000
weighted avg       0.97      0.97      0.97     90000

[[14485   423    92     0     0     0]
 [  526 14292   182     0     0     0]
 [    1     0 14999     0     0     0]
 [    0     0     0 15000     0     0]
 [    0     0     0    72 14305   623]
 [    0     0     0   503   220 14277]]