Dataset : IP
N times : 25
TAU : 1.8
74.92438286662113 Overall accuracy (%)
71.43016990536127 Kappa accuracy (%)
86.20081661275137 Average accuracy (%)

              precision    recall  f1-score   support

           1       1.00      1.00      1.00        46
           2       0.67      0.28      0.39      1428
           3       0.82      0.99      0.90       830
           4       0.52      1.00      0.68       237
           5       0.65      1.00      0.79       483
           6       0.80      0.77      0.78       730
           7       0.31      0.89      0.46        28
           8       1.00      1.00      1.00       478
           9       0.48      1.00      0.65        20
          10       0.61      0.41      0.49       972
          11       0.72      0.92      0.81      2455
          12       0.85      0.99      0.92       593
          13       1.00      1.00      1.00       205
          14       0.91      0.54      0.68      1265
          15       0.66      1.00      0.79       386
          16       0.98      1.00      0.99        93

    accuracy                           0.75     10249
   macro avg       0.75      0.86      0.77     10249
weighted avg       0.76      0.75      0.73     10249

[[  46    0    0    0    0    0    0    0    0    0    0    0    0    0
     0    0]
 [   0  397  125  218    0    9    3    0    7  162  455   45    0    7
     0    0]
 [   0    4  824    0    0    0    0    0    2    0    0    0    0    0
     0    0]
 [   0    0    0  237    0    0    0    0    0    0    0    0    0    0
     0    0]
 [   0    0    0    0  483    0    0    0    0    0    0    0    0    0
     0    0]
 [   0   10    0    0    1  560   27    0    5    4   32    0    0   34
    57    0]
 [   0    0    0    0    3    0   25    0    0    0    0    0    0    0
     0    0]
 [   0    0    0    0    0    0    0  478    0    0    0    0    0    0
     0    0]
 [   0    0    0    0    0    0    0    0   20    0    0    0    0    0
     0    0]
 [   0   78    2    0    5    6    8    0    0  401  390   59    0   23
     0    0]
 [   0   99    0    0    0   15    0    0    0   85 2254    0    0    2
     0    0]
 [   0    0    0    0    0    0    1    0    0    0    0  590    0    0
     0    2]
 [   0    0    0    0    0    0    0    0    0    0    0    0  205    0
     0    0]
 [   0    2   49    0  247  109   17    2    8    2    3    0    0  681
   145    0]
 [   0    0    0    0    0    0    0    0    0    0    0    0    0    1
   385    0]
 [   0    0    0    0    0    0    0    0    0    0    0    0    0    0
     0   93]]