Dataset : IP
N times : 25
TAU : 1.8
94.46777777777777 Overall accuracy (%)
93.36133333333333 Kappa accuracy (%)
94.46777777777777 Average accuracy (%)

              precision    recall  f1-score   support

           0       0.94      0.92      0.93     15000
           1       0.94      0.87      0.91     15000
           2       0.91      1.00      0.95     15000
           3       0.94      1.00      0.97     15000
           4       0.99      0.95      0.97     15000
           5       0.95      0.93      0.94     15000

    accuracy                           0.94     90000
   macro avg       0.95      0.94      0.94     90000
weighted avg       0.95      0.94      0.94     90000

[[13756   757   487     0     0     0]
 [  821 13120  1059     0     0     0]
 [    0    19 14981     0     0     0]
 [    0     0     0 14999     0     1]
 [    0     0     0    40 14243   717]
 [    0     0     0   940   138 13922]]