Dataset : BW
N times : 5
TAU : 1.8
94.43866666666668 Overall accuracy (%)
93.04833333333333 Kappa accuracy (%)
94.43866666666668 Average accuracy (%)

              precision    recall  f1-score   support

           0       0.93      0.82      0.87     15000
           1       0.95      0.97      0.96     15000
           2       0.90      0.95      0.93     15000
           3       0.94      0.98      0.96     15000
           4       1.00      1.00      1.00     15000

    accuracy                           0.94     75000
   macro avg       0.94      0.94      0.94     75000
weighted avg       0.94      0.94      0.94     75000

[[12320   586  1541   553     0]
 [  425 14575     0     0     0]
 [  258     0 14298   444     0]
 [  251   103     7 14636     3]
 [    0     0     0     0 15000]]