Dataset : BW
N times : 5
TAU : 1.8
89.16266666666667 Overall accuracy (%)
86.45333333333333 Kappa accuracy (%)
89.1626666666667 Average accuracy (%)

              precision    recall  f1-score   support

           0       0.83      0.59      0.69     15000
           1       0.83      0.99      0.90     15000
           2       0.83      0.91      0.87     15000
           3       0.97      0.97      0.97     15000
           4       1.00      1.00      1.00     15000

    accuracy                           0.89     75000
   macro avg       0.89      0.89      0.89     75000
weighted avg       0.89      0.89      0.89     75000

[[ 8802  3102  2717   379     0]
 [  111 14888     1     0     0]
 [ 1266     1 13710    23     0]
 [  445    14    60 14479     2]
 [    0     0     0     7 14993]]