Dataset : IP
N times : 25
TAU : 1
91.12108498390087 Overall accuracy (%)
89.91756918046687 Kappa accuracy (%)
91.09022891992824 Average accuracy (%)

              precision    recall  f1-score   support

           1       0.37      0.96      0.54        46
           2       0.90      0.90      0.90      1428
           3       0.95      0.91      0.93       830
           4       0.58      0.80      0.67       237
           5       0.95      0.78      0.86       483
           6       0.96      0.95      0.96       730
           7       0.21      1.00      0.34        28
           8       1.00      0.93      0.96       478
           9       0.38      1.00      0.55        20
          10       0.95      0.89      0.92       972
          11       0.96      0.92      0.94      2455
          12       0.89      0.83      0.86       593
          13       0.97      0.72      0.82       205
          14       1.00      0.99      1.00      1265
          15       0.91      1.00      0.95       386
          16       0.56      1.00      0.72        93

    accuracy                           0.91     10249
   macro avg       0.78      0.91      0.81     10249
weighted avg       0.93      0.91      0.92     10249

[[  44    0    0    0    0    0    1    0    0    0    0    1    0    0
     0    0]
 [   0 1287    8   42    0    0    0    0    0    3   30   25    2    1
     0   30]
 [   0    0  755   71    0    1    0    0    0    0    0    3    0    0
     0    0]
 [   0   19   22  190    0    0    0    0    0    0    0    6    0    0
     0    0]
 [   0    0    0    0  376    0  107    0    0    0    0    0    0    0
     0    0]
 [   0    0    0    0    0  695    0    0   33    0    0    0    1    0
     1    0]
 [   0    0    0    0    0    0   28    0    0    0    0    0    0    0
     0    0]
 [  35    0    0    0    0    0    0  443    0    0    0    0    0    0
     0    0]
 [   0    0    0    0    0    0    0    0   20    0    0    0    0    0
     0    0]
 [   1    0    0    0    5    0    0    0    0  863   57   29    0    0
     0   17]
 [   0  121    0    0   14   23    0    0    0   27 2266    0    1    0
     0    3]
 [  38    9    0    7    0    0    0    0    0   12   11  493    0    0
     0   23]
 [   0    0    6   19    0    6    0    0    0    0    0    0  147    0
    27    0]
 [   0    0    0    0    0    0    0    0    0    0    0    0    0 1254
    11    0]
 [   0    0    0    0    0    0    0    0    0    0    0    0    1    0
   385    0]
 [   0    0    0    0    0    0    0    0    0    0    0    0    0    0
     0   93]]