Dataset : IP
N times : 25
TAU : 1
98.94 Overall accuracy (%)
98.72800000000001 Kappa accuracy (%)
98.94 Average accuracy (%)

              precision    recall  f1-score   support

           0       1.00      0.98      0.99     15000
           1       1.00      1.00      1.00     15000
           2       0.98      1.00      0.99     15000
           3       0.96      1.00      0.98     15000
           4       1.00      0.95      0.98     15000
           5       1.00      1.00      1.00     15000

    accuracy                           0.99     90000
   macro avg       0.99      0.99      0.99     90000
weighted avg       0.99      0.99      0.99     90000

[[14770     0   230     0     0     0]
 [    0 15000     0     0     0     0]
 [    0     0 15000     0     0     0]
 [    0     0     0 15000     0     0]
 [    0     0     0   696 14276    28]
 [    0     0     0     0     0 15000]]