Dataset : IP
N times : 25
TAU : 1
91.1308420333691 Overall accuracy (%)
89.93862374741747 Kappa accuracy (%)
90.60241008459951 Average accuracy (%)

              precision    recall  f1-score   support

           1       0.31      0.91      0.47        46
           2       0.92      0.84      0.88      1428
           3       0.94      0.87      0.90       830
           4       0.50      0.70      0.59       237
           5       0.99      0.75      0.85       483
           6       1.00      0.99      0.99       730
           7       0.19      1.00      0.31        28
           8       0.99      0.82      0.90       478
           9       0.24      1.00      0.38        20
          10       0.89      0.98      0.93       972
          11       0.98      0.93      0.96      2455
          12       0.90      0.90      0.90       593
          13       0.95      0.87      0.91       205
          14       1.00      1.00      1.00      1265
          15       0.99      0.98      0.98       386
          16       0.61      0.96      0.75        93

    accuracy                           0.91     10249
   macro avg       0.77      0.91      0.79     10249
weighted avg       0.94      0.91      0.92     10249

[[  42    0    0    0    0    0    0    4    0    0    0    0    0    0
     0    0]
 [   4 1204    5  112    0    0    0    0    0   21   41   41    0    0
     0    0]
 [   0    0  718   52    0    1    0    0   56    3    0    0    0    0
     0    0]
 [   0   52   14  167    0    0    0    0    0    0    0    4    0    0
     0    0]
 [   0    0    0    0  360    0  123    0    0    0    0    0    0    0
     0    0]
 [   0    0    0    0    0  723    0    0    4    0    0    0    3    0
     0    0]
 [   0    0    0    0    0    0   28    0    0    0    0    0    0    0
     0    0]
 [  86    0    0    0    0    0    0  392    0    0    0    0    0    0
     0    0]
 [   0    0    0    0    0    0    0    0   20    0    0    0    0    0
     0    0]
 [   0    1    0    0    0    0    0    0    0  955   10    6    0    0
     0    0]
 [   0   51   11    0    0    1    0    0    0   97 2294    0    0    0
     1    0]
 [   0    3    0    0    2    0    0    0    0    0    0  532    0    0
     0   56]
 [   0    0   18    0    0    0    0    0    4    0    4    0  178    0
     1    0]
 [   2    0    0    0    0    0    0    0    0    0    0    0    0 1260
     3    0]
 [   0    0    0    0    0    0    0    0    0    0    0    1    7    0
   378    0]
 [   0    0    0    0    0    0    0    0    0    0    0    4    0    0
     0   89]]