Dataset : IP
N times : 25
TAU : 1
93.06273782808078 Overall accuracy (%)
92.12021454009549 Kappa accuracy (%)
92.84847818818281 Average accuracy (%)

              precision    recall  f1-score   support

           1       0.42      0.98      0.58        46
           2       0.91      0.96      0.94      1428
           3       0.91      0.91      0.91       830
           4       0.64      0.67      0.65       237
           5       1.00      0.88      0.93       483
           6       1.00      1.00      1.00       730
           7       0.34      1.00      0.50        28
           8       1.00      0.87      0.93       478
           9       0.74      1.00      0.85        20
          10       0.85      0.98      0.91       972
          11       0.99      0.91      0.95      2455
          12       0.95      0.84      0.89       593
          13       0.95      0.92      0.94       205
          14       1.00      0.99      1.00      1265
          15       0.98      0.99      0.98       386
          16       0.62      0.97      0.76        93

    accuracy                           0.93     10249
   macro avg       0.83      0.93      0.86     10249
weighted avg       0.94      0.93      0.93     10249

[[  45    0    0    0    0    0    0    1    0    0    0    0    0    0
     0    0]
 [   0 1374   13   27    0    0    0    1    0    3    8    2    0    0
     0    0]
 [   0    0  752   64    0    0    0    0    3    2    0    6    3    0
     0    0]
 [   0   35   35  159    0    0    0    0    0    0    0    8    0    0
     0    0]
 [   0    0    0    0  423    0   55    0    1    3    0    1    0    0
     0    0]
 [   2    0    0    0    0  727    0    0    0    0    0    0    0    0
     1    0]
 [   0    0    0    0    0    0   28    0    0    0    0    0    0    0
     0    0]
 [  61    0    0    0    0    0    0  417    0    0    0    0    0    0
     0    0]
 [   0    0    0    0    0    0    0    0   20    0    0    0    0    0
     0    0]
 [   0    1    0    0    0    0    0    0    0  950   21    0    0    0
     0    0]
 [   0   58    2    0    0    0    0    0    0  160 2230    5    0    0
     0    0]
 [   0   31    9    0    0    0    0    0    0    0    0  498    0    0
     0   55]
 [   0    0   11    0    0    0    0    0    3    0    0    0  189    0
     2    0]
 [   0    3    0    0    0    0    0    0    0    0    0    0    1 1255
     6    0]
 [   0    0    0    0    0    0    0    0    0    0    0    0    5    0
   381    0]
 [   0    0    0    0    0    0    0    0    0    0    0    3    0    0
     0   90]]