Dataset : BW
N times : 25
TAU : 1
96.79466666666666 Overall accuracy (%)
95.99333333333333 Kappa accuracy (%)
96.79466666666666 Average accuracy (%)

              precision    recall  f1-score   support

           0       0.99      0.89      0.93     15000
           1       0.97      1.00      0.98     15000
           2       0.92      1.00      0.96     15000
           3       0.99      0.96      0.98     15000
           4       0.97      0.99      0.98     15000

    accuracy                           0.97     75000
   macro avg       0.97      0.97      0.97     75000
weighted avg       0.97      0.97      0.97     75000

[[13303   474  1223     0     0]
 [    0 15000     0     0     0]
 [   63     0 14934     1     2]
 [  120     0    62 14437   381]
 [    0     0     0    78 14922]]