Dataset : BW
N times : 25
TAU : 1
94.69333333333333 Overall accuracy (%)
93.36666666666666 Kappa accuracy (%)
94.69333333333333 Average accuracy (%)

              precision    recall  f1-score   support

           0       0.90      0.88      0.89     15000
           1       0.98      1.00      0.99     15000
           2       0.89      0.90      0.90     15000
           3       1.00      0.95      0.98     15000
           4       0.97      1.00      0.98     15000

    accuracy                           0.95     75000
   macro avg       0.95      0.95      0.95     75000
weighted avg       0.95      0.95      0.95     75000

[[13157   374  1453    16     0]
 [    0 15000     0     0     0]
 [ 1460     0 13540     0     0]
 [   51     0   153 14323   473]
 [    0     0     0     0 15000]]