Dataset : BW
N times : 1
TAU : 1.8
84.39333333333333 Overall accuracy (%)
80.49166666666667 Kappa accuracy (%)
84.39333333333332 Average accuracy (%)

              precision    recall  f1-score   support

           0       0.65      0.68      0.67     15000
           1       0.91      0.94      0.93     15000
           2       0.74      0.68      0.70     15000
           3       0.97      0.94      0.96     15000
           4       0.94      0.98      0.96     15000

    accuracy                           0.84     75000
   macro avg       0.84      0.84      0.84     75000
weighted avg       0.84      0.84      0.84     75000

[[10266  1229  3505     0     0]
 [  813 14112    67     8     0]
 [ 4701    55 10134    18    92]
 [   21    29    46 14125   779]
 [    0     0     2   340 14658]]