Dataset : BW
N times : 1
TAU : 1.8
97.33733333333333 Overall accuracy (%)
96.67166666666667 Kappa accuracy (%)
97.33733333333333 Average accuracy (%)

              precision    recall  f1-score   support

           0       0.97      0.96      0.97     15000
           1       0.99      0.99      0.99     15000
           2       0.95      0.96      0.96     15000
           3       0.99      0.95      0.97     15000
           4       0.97      1.00      0.98     15000

    accuracy                           0.97     75000
   macro avg       0.97      0.97      0.97     75000
weighted avg       0.97      0.97      0.97     75000

[[14415    32   552     1     0]
 [   34 14922    14    30     0]
 [  370     8 14467    93    62]
 [    1   105   197 14251   446]
 [    1     0    20    31 14948]]