Dataset : BW
N times : 1
TAU : 1.8
95.89733333333334 Overall accuracy (%)
94.87166666666667 Kappa accuracy (%)
95.89733333333334 Average accuracy (%)

              precision    recall  f1-score   support

           0       0.93      0.89      0.91     15000
           1       0.99      0.99      0.99     15000
           2       0.91      0.94      0.92     15000
           3       0.98      0.98      0.98     15000
           4       0.99      0.99      0.99     15000

    accuracy                           0.96     75000
   macro avg       0.96      0.96      0.96     75000
weighted avg       0.96      0.96      0.96     75000

[[13365    26  1390   211     8]
 [   97 14862    35     6     0]
 [  815    35 14049    50    51]
 [   31    51     6 14764   148]
 [    1     0    40    76 14883]]