Dataset : BW
N times : 1
TAU : 1.8
90.36266666666667 Overall accuracy (%)
87.95333333333333 Kappa accuracy (%)
90.36266666666666 Average accuracy (%)

              precision    recall  f1-score   support

           0       0.78      0.78      0.78     15000
           1       0.93      0.97      0.95     15000
           2       0.83      0.80      0.82     15000
           3       0.99      0.98      0.98     15000
           4       0.98      1.00      0.99     15000

    accuracy                           0.90     75000
   macro avg       0.90      0.90      0.90     75000
weighted avg       0.90      0.90      0.90     75000

[[11658   961  2371    10     0]
 [  448 14523    13    16     0]
 [ 2739    81 12032    23   125]
 [  109    70    25 14633   163]
 [    0     0     6    68 14926]]