Dataset : BW
N times : 1
TAU : 1.8
89.53733333333334 Overall accuracy (%)
86.92166666666667 Kappa accuracy (%)
89.53733333333332 Average accuracy (%)

              precision    recall  f1-score   support

           0       0.85      0.77      0.81     15000
           1       0.93      0.99      0.96     15000
           2       0.84      0.84      0.84     15000
           3       0.94      0.91      0.93     15000
           4       0.91      0.96      0.93     15000

    accuracy                           0.90     75000
   macro avg       0.89      0.90      0.89     75000
weighted avg       0.89      0.90      0.89     75000

[[11578  1167  2248     6     1]
 [  126 14858     8     8     0]
 [ 1811     4 12668   230   287]
 [   62    22    49 13670  1197]
 [    0     0    22   599 14379]]