Dataset : KSC
N times : 1
TAU : 1.8
90.97733333333333 Overall accuracy (%)
88.72166666666666 Kappa accuracy (%)
90.97733333333335 Average accuracy (%)

              precision    recall  f1-score   support

           0       0.98      0.98      0.98     15000
           1       0.89      0.79      0.84     15000
           2       0.99      0.89      0.94     15000
           3       0.96      0.91      0.93     15000
           4       0.77      0.99      0.87     15000

    accuracy                           0.91     75000
   macro avg       0.92      0.91      0.91     75000
weighted avg       0.92      0.91      0.91     75000

[[14686     2    16    13   283]
 [  156 11852     3   521  2468]
 [   45    71 13307     7  1570]
 [   36  1302    48 13590    24]
 [   40   141    11    10 14798]]