Dataset : KSC
N times : 1
TAU : 1.8
93.75733333333334 Overall accuracy (%)
92.19666666666667 Kappa accuracy (%)
93.75733333333332 Average accuracy (%)

              precision    recall  f1-score   support

           0       0.96      0.95      0.95     15000
           1       0.93      0.89      0.91     15000
           2       0.98      0.92      0.95     15000
           3       0.95      0.93      0.94     15000
           4       0.89      0.99      0.94     15000

    accuracy                           0.94     75000
   macro avg       0.94      0.94      0.94     75000
weighted avg       0.94      0.94      0.94     75000

[[14281    13   277     9   420]
 [  510 13379     0   722   389]
 [  145    34 13782     1  1038]
 [   10   907    13 14004    66]
 [    0    49     1    78 14872]]