Dataset : KSC
N times : 1
TAU : 1.8
93.02133333333333 Overall accuracy (%)
91.27666666666667 Kappa accuracy (%)
93.02133333333333 Average accuracy (%)

              precision    recall  f1-score   support

           0       0.81      1.00      0.90     15000
           1       0.93      0.79      0.85     15000
           2       0.99      0.89      0.93     15000
           3       0.97      0.98      0.98     15000
           4       0.98      1.00      0.99     15000

    accuracy                           0.93     75000
   macro avg       0.94      0.93      0.93     75000
weighted avg       0.94      0.93      0.93     75000

[[14944    24    29     0     3]
 [ 2494 11883   140   381   102]
 [  937   696 13296     0    71]
 [    0   204     2 14667   127]
 [    4     6     2    12 14976]]