Dataset : KSC
N times : 1
TAU : 1.8
92.86666666666666 Overall accuracy (%)
91.08333333333334 Kappa accuracy (%)
92.86666666666667 Average accuracy (%)

              precision    recall  f1-score   support

           0       0.99      0.99      0.99     15000
           1       0.87      0.79      0.83     15000
           2       0.99      0.96      0.97     15000
           3       0.94      0.92      0.93     15000
           4       0.86      0.98      0.92     15000

    accuracy                           0.93     75000
   macro avg       0.93      0.93      0.93     75000
weighted avg       0.93      0.93      0.93     75000

[[14887     2    35     0    76]
 [   50 11802    16   922  2210]
 [    1   502 14354    15   128]
 [    6  1056    77 13839    22]
 [   30   200     1     1 14768]]