Dataset : IP
N times : 25
TAU : 1
74.9634110644941 Overall accuracy (%)
71.92725837922043 Kappa accuracy (%)
79.17676299722626 Average accuracy (%)

              precision    recall  f1-score   support

           1       0.15      0.74      0.25        46
           2       0.66      0.65      0.66      1428
           3       0.69      0.83      0.76       830
           4       0.29      0.35      0.32       237
           5       0.99      0.37      0.54       483
           6       0.96      0.90      0.93       730
           7       0.07      0.93      0.14        28
           8       0.97      0.72      0.83       478
           9       0.17      1.00      0.29        20
          10       0.64      0.91      0.76       972
          11       0.86      0.62      0.72      2455
          12       0.81      0.83      0.82       593
          13       0.99      0.93      0.96       205
          14       1.00      0.91      0.95      1265
          15       0.88      0.99      0.93       386
          16       0.76      0.97      0.85        93

    accuracy                           0.75     10249
   macro avg       0.68      0.79      0.67     10249
weighted avg       0.81      0.75      0.76     10249

[[  34    0    0    0    0    0    0   12    0    0    0    0    0    0
     0    0]
 [  15  931   27   85    0    1    0    0    0  208  143   18    0    0
     0    0]
 [   0   19  693   13    0    0    0    0    4   58   41    0    2    0
     0    0]
 [   0   69   19   82    0    0    0    0    0    9   28   30    0    0
     0    0]
 [  14    0    0    0  181    0  282    0    5    0    0    0    0    0
     1    0]
 [   0    0   10    0    0  658    0    0   60    0    0    0    0    0
     2    0]
 [   0    0    0    0    2    0   26    0    0    0    0    0    0    0
     0    0]
 [ 132    0    0    0    0    0    0  346    0    0    0    0    0    0
     0    0]
 [   0    0    0    0    0    0    0    0   20    0    0    0    0    0
     0    0]
 [   9   12    6   10    0    0    0    0    6  888   28   13    0    0
     0    0]
 [  13  356  244   80    0   24    0    0   17  178 1511   31    0    0
     1    0]
 [  10   14    2   12    0    0    0    0    2   37    0  495    0    1
     0   20]
 [   0    0    3    0    0    0    0    0    2    0    0    0  191    0
     9    0]
 [   0    0    0    0    0    0   46    0    0    0    0   15    0 1154
    41    9]
 [   0    0    0    0    0    0    0    0    0    0    0    3    0    0
   383    0]
 [   0    0    0    0    0    0    0    0    0    0    0    3    0    0
     0   90]]