Dataset : IP
N times : 25
TAU : 1
99.1511111111111 Overall accuracy (%)
98.98133333333334 Kappa accuracy (%)
99.1511111111111 Average accuracy (%)

              precision    recall  f1-score   support

           0       0.96      1.00      0.98     15000
           1       1.00      0.96      0.98     15000
           2       1.00      1.00      1.00     15000
           3       0.99      1.00      0.99     15000
           4       1.00      0.99      0.99     15000
           5       1.00      1.00      1.00     15000

    accuracy                           0.99     90000
   macro avg       0.99      0.99      0.99     90000
weighted avg       0.99      0.99      0.99     90000

[[15000     0     0     0     0     0]
 [  567 14433     0     0     0     0]
 [    0     0 15000     0     0     0]
 [    0     0     0 15000     0     0]
 [    0     0     0   197 14803     0]
 [    0     0     0     0     0 15000]]