Dataset : IP
N times : 25
TAU : 1
76.64162357303151 Overall accuracy (%)
73.77845545211161 Kappa accuracy (%)
83.64390107851416 Average accuracy (%)

              precision    recall  f1-score   support

           1       0.32      1.00      0.49        46
           2       0.66      0.75      0.70      1428
           3       0.82      0.84      0.83       830
           4       0.32      0.48      0.38       237
           5       0.90      0.82      0.85       483
           6       0.92      0.85      0.88       730
           7       0.32      1.00      0.48        28
           8       1.00      0.89      0.94       478
           9       0.33      1.00      0.49        20
          10       0.61      0.91      0.73       972
          11       0.85      0.58      0.69      2455
          12       0.71      0.65      0.68       593
          13       0.67      0.77      0.71       205
          14       1.00      0.90      0.95      1265
          15       0.93      0.95      0.94       386
          16       0.54      1.00      0.70        93

    accuracy                           0.77     10249
   macro avg       0.68      0.84      0.72     10249
weighted avg       0.80      0.77      0.77     10249

[[  46    0    0    0    0    0    0    0    0    0    0    0    0    0
     0    0]
 [   0 1073    8   52    1    0    0    0    0  153  117   24    0    0
     0    0]
 [   0   18  694   37    8    0    0    0    7   30   21   15    0    0
     0    0]
 [   0   37    3  114    0    0    0    0    0   11   45   27    0    0
     0    0]
 [   0    0   11    0  395    0   29    0   32    0    0   12    0    2
     2    0]
 [   0    0    0    0    0  622    0    0    0   14    1    0   79    0
    14    0]
 [   0    0    0    0    0    0   28    0    0    0    0    0    0    0
     0    0]
 [  50    0    0    0    0    0    1  427    0    0    0    0    0    0
     0    0]
 [   0    0    0    0    0    0    0    0   20    0    0    0    0    0
     0    0]
 [   0   10    0    0    0    1    0    0    0  881   56   24    0    0
     0    0]
 [  12  413  127  150    0    7    0    0    0  332 1414    0    0    0
     0    0]
 [  28   67    4    2   36    0    1    0    0   28    0  388    0    0
     0   39]
 [   0    0    1    0    0   46    0    0    1    0    0    0  157    0
     0    0]
 [   3    0    0    3    1    0   13    0    1    0    0   57    0 1136
    12   39]
 [   3    0    0    0    0    0   16    0    0    0    0    0    0    0
   367    0]
 [   0    0    0    0    0    0    0    0    0    0    0    0    0    0
     0   93]]