Dataset : IP
N times : 25
TAU : 1
98.75333333333333 Overall accuracy (%)
98.504 Kappa accuracy (%)
98.75333333333333 Average accuracy (%)

              precision    recall  f1-score   support

           0       1.00      1.00      1.00     15000
           1       1.00      1.00      1.00     15000
           2       1.00      1.00      1.00     15000
           3       0.93      1.00      0.96     15000
           4       1.00      0.93      0.96     15000
           5       1.00      1.00      1.00     15000

    accuracy                           0.99     90000
   macro avg       0.99      0.99      0.99     90000
weighted avg       0.99      0.99      0.99     90000

[[15000     0     0     0     0     0]
 [    0 14999     1     0     0     0]
 [   23     0 14977     0     0     0]
 [    0     0     0 14978    22     0]
 [    0     0     0  1072 13927     1]
 [    0     0     0     0     3 14997]]