Dataset : IP
N times : 25
TAU : 1
74.03649136501123 Overall accuracy (%)
70.95671139781759 Kappa accuracy (%)
81.4070685202366 Average accuracy (%)

              precision    recall  f1-score   support

           1       0.52      1.00      0.69        46
           2       0.62      0.53      0.57      1428
           3       0.66      0.86      0.75       830
           4       0.13      0.42      0.20       237
           5       0.98      0.75      0.85       483
           6       0.98      0.86      0.92       730
           7       0.48      0.96      0.64        28
           8       1.00      1.00      1.00       478
           9       0.10      1.00      0.18        20
          10       0.63      0.76      0.69       972
          11       0.86      0.60      0.71      2455
          12       0.81      0.68      0.74       593
          13       0.81      0.78      0.79       205
          14       1.00      0.99      0.99      1265
          15       0.92      0.87      0.90       386
          16       0.53      0.96      0.68        93

    accuracy                           0.74     10249
   macro avg       0.69      0.81      0.71     10249
weighted avg       0.80      0.74      0.76     10249

[[  46    0    0    0    0    0    0    0    0    0    0    0    0    0
     0    0]
 [   7  754  123  394    0    0    0    0    1   19  120    9    0    1
     0    0]
 [   0   11  717   53    0    0    0    0   12   28    0    8    0    0
     0    1]
 [   0   97    2   99    0    0    0    0    0    0    0   39    0    0
     0    0]
 [  24    0    2    0  363    0   26    0   33    0    0    4    0    1
     2   28]
 [  11    0    0    0    0  627    0    0   92    0    0    0    0    0
     0    0]
 [   0    0    0    0    1    0   27    0    0    0    0    0    0    0
     0    0]
 [   0    0    0    0    0    0    1  477    0    0    0    0    0    0
     0    0]
 [   0    0    0    0    0    0    0    0   20    0    0    0    0    0
     0    0]
 [   0    2   61    0    0    7    0    0   21  742  127   12    0    0
     0    0]
 [   0  344  112  106    0    5    0    0    6  377 1478   22    3    0
     2    0]
 [   0    0   44   85    6    0    0    0    0    3    0  403    0    0
     1   51]
 [   0    0   28    0    0    0    0    0    7    0    0    0  160    0
    10    0]
 [   0    0    1    0    0    0    2    0    0    0    0    0    0 1249
    13    0]
 [   0    0    1    0    0    0    0    0   13    0    0    0   35    0
   337    0]
 [   0    0    0    0    0    0    0    0    0    0    0    0    0    4
     0   89]]