Dataset : IP
N times : 25
TAU : 1
66.00643965264904 Overall accuracy (%)
62.12250584383997 Kappa accuracy (%)
76.62366349497174 Average accuracy (%)

              precision    recall  f1-score   support

           1       0.23      0.93      0.37        46
           2       0.69      0.46      0.55      1428
           3       0.39      0.46      0.42       830
           4       0.24      0.73      0.36       237
           5       0.98      0.76      0.85       483
           6       1.00      0.88      0.94       730
           7       0.29      1.00      0.44        28
           8       1.00      0.93      0.97       478
           9       0.05      1.00      0.10        20
          10       0.52      0.58      0.55       972
          11       0.82      0.62      0.70      2455
          12       0.48      0.49      0.48       593
          13       0.79      0.74      0.76       205
          14       0.98      0.84      0.91      1265
          15       0.90      0.86      0.88       386
          16       0.34      0.98      0.50        93

    accuracy                           0.66     10249
   macro avg       0.61      0.77      0.61     10249
weighted avg       0.75      0.66      0.69     10249

[[  43    0    0    0    0    0    0    0    0    0    0    3    0    0
     0    0]
 [   3  653   39  414    0    0    0    0    1  150   85   83    0    0
     0    0]
 [   0   23  384   29    0    1    0    0  138   90  146   19    0    0
     0    0]
 [   0   43    1  173    0    0    0    0    0    4    3   13    0    0
     0    0]
 [  22    0    0    0  366    0   67    0   28    0    0    0    0    0
     0    0]
 [   0    0    0    0    0  644    0    0   82    0    0    0    3    0
     1    0]
 [   0    0    0    0    0    0   28    0    0    0    0    0    0    0
     0    0]
 [  32    0    0    0    0    0    0  446    0    0    0    0    0    0
     0    0]
 [   0    0    0    0    0    0    0    0   20    0    0    0    0    0
     0    0]
 [   0   10  154    0    1    0    0    0   18  562  102  125    0    0
     0    0]
 [   0  184  398   80    0    0    0    0   45  170 1515   62    1    0
     0    0]
 [  86   27   15   34    7    0    0    0    2  105    0  289    0   20
     3    5]
 [   0    0    4    0    0    1    0    0   27    2    0    0  151    0
    20    0]
 [   0    0    0    0    1    0    0    0    0    0    0   12    0 1068
    11  173]
 [   0    0    0    0    0    0    3    0   12    0    0    1   35    3
   332    0]
 [   0    0    0    0    0    0    0    0    0    0    0    0    0    2
     0   91]]