Dataset : IP
N times : 25
TAU : 1
97.23111111111112 Overall accuracy (%)
96.67733333333334 Kappa accuracy (%)
97.23111111111112 Average accuracy (%)

              precision    recall  f1-score   support

           0       1.00      1.00      1.00     15000
           1       1.00      1.00      1.00     15000
           2       1.00      1.00      1.00     15000
           3       0.86      1.00      0.92     15000
           4       1.00      0.83      0.91     15000
           5       1.00      1.00      1.00     15000

    accuracy                           0.97     90000
   macro avg       0.98      0.97      0.97     90000
weighted avg       0.98      0.97      0.97     90000

[[15000     0     0     0     0     0]
 [   13 14987     0     0     0     0]
 [    0     0 15000     0     0     0]
 [    0     0     0 15000     0     0]
 [    0     0     0  2478 12522     0]
 [    0     0     0     0     1 14999]]