Dataset : IP
N times : 25
TAU : 1
80.07610498585228 Overall accuracy (%)
77.51836642022131 Kappa accuracy (%)
83.95840767382053 Average accuracy (%)

              precision    recall  f1-score   support

           1       0.29      0.89      0.44        46
           2       0.74      0.82      0.78      1428
           3       0.88      0.81      0.85       830
           4       0.49      0.68      0.57       237
           5       0.95      0.73      0.83       483
           6       0.99      0.83      0.91       730
           7       0.12      1.00      0.21        28
           8       1.00      0.99      0.99       478
           9       0.19      1.00      0.32        20
          10       0.72      0.76      0.74       972
          11       0.88      0.75      0.81      2455
          12       0.79      0.71      0.75       593
          13       0.43      0.70      0.54       205
          14       0.96      0.84      0.90      1265
          15       0.98      0.94      0.96       386
          16       0.57      0.97      0.72        93

    accuracy                           0.80     10249
   macro avg       0.69      0.84      0.71     10249
weighted avg       0.84      0.80      0.82     10249

[[  41    0    0    0    0    0    0    0    0    5    0    0    0    0
     0    0]
 [   0 1173   32   28    0    0    0    0    0   48   88   59    0    0
     0    0]
 [   0   20  676  105    5    0    2    0    1    0   19    2    0    0
     0    0]
 [   0   35   30  161    0    0    0    0    0    0    0   11    0    0
     0    0]
 [   0    0    7    0  353    4   30    0   84    0    4    1    0    0
     0    0]
 [   0    0    0    0    0  609  121    0    0    0    0    0    0    0
     0    0]
 [   0    0    0    0    0    0   28    0    0    0    0    0    0    0
     0    0]
 [   7    0    0    0    0    0    0  471    0    0    0    0    0    0
     0    0]
 [   0    0    0    0    0    0    0    0   20    0    0    0    0    0
     0    0]
 [  63   16    0    0    0    0   17    0    0  739  135    2    0    0
     0    0]
 [  28  281    8    0    3    0   31    0    0  231 1850   22    1    0
     0    0]
 [   0   61    5   36    1    0    0    0    1    5    4  421    0    0
     2   57]
 [   0    0    8    0    9    0    0    0    0    0    0    1  143   44
     0    0]
 [   0    0    0    0    0    0    0    0    0    0    0    8  173 1068
     6   10]
 [   0    0    0    0    1    0    6    0    0    0    0    1   12    2
   364    0]
 [   0    0    0    0    0    0    0    0    0    0    0    3    0    0
     0   90]]