Dataset : IP
N times : 10
TAU : 1.8
70.99229193092009 Overall accuracy (%)
67.58372955046094 Kappa accuracy (%)
78.57645551316479 Average accuracy (%)

              precision    recall  f1-score   support

           1       0.74      0.93      0.83        46
           2       0.59      0.76      0.67      1428
           3       0.54      0.82      0.65       830
           4       0.35      0.51      0.41       237
           5       1.00      0.93      0.96       483
           6       0.98      0.89      0.93       730
           7       0.45      0.96      0.61        28
           8       0.99      1.00      0.99       478
           9       0.18      0.80      0.29        20
          10       0.58      0.60      0.59       972
          11       0.71      0.37      0.49      2455
          12       0.72      0.87      0.79       593
          13       0.45      0.40      0.42       205
          14       1.00      0.98      0.99      1265
          15       0.73      0.78      0.75       386
          16       0.64      0.96      0.76        93

    accuracy                           0.71     10249
   macro avg       0.66      0.79      0.70     10249
weighted avg       0.73      0.71      0.70     10249

[[  43    0    0    0    0    0    0    3    0    0    0    0    0    0
     0    0]
 [   0 1089   51   96    0    1    0    0    0   17  131   43    0    0
     0    0]
 [   0   32  681   62    0    5    0    0    2   23   13    7    5    0
     0    0]
 [   0   41   50  121    0    0    0    0    0    1   12   12    0    0
     0    0]
 [   5    0    1    0  448    0   27    0    1    0    0    0    0    1
     0    0]
 [   0    0    1    0    0  651    0    0   72    0    0    0    5    0
     1    0]
 [   0    0    0    0    1    0   27    0    0    0    0    0    0    0
     0    0]
 [   2    0    0    0    0    0    0  476    0    0    0    0    0    0
     0    0]
 [   0    0    0    0    0    4    0    0   16    0    0    0    0    0
     0    0]
 [   0   48   97   18    0    0    0    0    0  582  219    8    0    0
     0    0]
 [   8  623  356   39    0    4    0    0    0  380  912  124    3    0
     0    6]
 [   0   12    5   10    0    0    0    0    0    0    0  518    3    0
     0   45]
 [   0    0   25    4    0    0    0    0    0    0    0    0   82    0
    94    0]
 [   0    0    0    0    1    0    6    1    0    0    0    0    0 1238
    19    0]
 [   0    0    0    0    0    0    0    0    0    0    0    0   83    0
   303    0]
 [   0    0    0    0    0    0    0    0    0    0    0    4    0    0
     0   89]]