Dataset : IP
N times : 10
TAU : 1.8
98.70555555555556 Overall accuracy (%)
98.44666666666667 Kappa accuracy (%)
98.70555555555555 Average accuracy (%)

              precision    recall  f1-score   support

           0       1.00      1.00      1.00     15000
           1       1.00      1.00      1.00     15000
           2       1.00      1.00      1.00     15000
           3       0.94      1.00      0.97     15000
           4       1.00      0.92      0.96     15000
           5       0.99      1.00      1.00     15000

    accuracy                           0.99     90000
   macro avg       0.99      0.99      0.99     90000
weighted avg       0.99      0.99      0.99     90000

[[15000     0     0     0     0     0]
 [    0 15000     0     0     0     0]
 [    0     0 15000     0     0     0]
 [    0     0     0 14986    14     0]
 [    0     0     0  1041 13850   109]
 [    0     0     0     0     1 14999]]