Dataset : IP
N times : 10
TAU : 1.8
97.94111111111111 Overall accuracy (%)
97.52933333333334 Kappa accuracy (%)
97.94111111111113 Average accuracy (%)

              precision    recall  f1-score   support

           0       1.00      0.98      0.99     15000
           1       1.00      0.99      0.99     15000
           2       0.97      1.00      0.98     15000
           3       0.92      1.00      0.96     15000
           4       1.00      0.91      0.95     15000
           5       1.00      1.00      1.00     15000

    accuracy                           0.98     90000
   macro avg       0.98      0.98      0.98     90000
weighted avg       0.98      0.98      0.98     90000

[[14647    17   336     0     0     0]
 [    0 14857   143     0     0     0]
 [    0     0 15000     0     0     0]
 [    0     0     0 14992     8     0]
 [    0     0     0  1341 13652     7]
 [    0     0     0     0     1 14999]]