Dataset : IP
N times : 10
TAU : 1.8
71.51917260220509 Overall accuracy (%)
68.22358187015149 Kappa accuracy (%)
77.96947867817543 Average accuracy (%)

              precision    recall  f1-score   support

           1       0.25      0.63      0.36        46
           2       0.61      0.66      0.64      1428
           3       0.65      0.81      0.73       830
           4       0.37      0.80      0.50       237
           5       0.88      0.82      0.85       483
           6       0.94      0.93      0.93       730
           7       0.25      0.93      0.39        28
           8       0.96      0.84      0.90       478
           9       0.27      0.95      0.42        20
          10       0.63      0.54      0.58       972
          11       0.81      0.50      0.62      2455
          12       0.64      0.74      0.68       593
          13       0.63      0.50      0.56       205
          14       0.99      0.99      0.99      1265
          15       0.79      0.87      0.83       386
          16       0.23      0.96      0.37        93

    accuracy                           0.72     10249
   macro avg       0.62      0.78      0.65     10249
weighted avg       0.76      0.72      0.72     10249

[[  29    0    0    0    0    0    1   16    0    0    0    0    0    0
     0    0]
 [   2  944   51  119   10    4    0    0    0   97  120   73    1    0
     0    7]
 [   0   13  676  106    0    5    0    0    3    0   27    0    0    0
     0    0]
 [   0    9   27  190    0    0    0    0    0    0    0    6    0    5
     0    0]
 [   0    0    0    0  396    0   78    0    1    0    0    0    0    7
     1    0]
 [   0    0    0    0    0  678    0    0   46    0    0    0    2    0
     4    0]
 [   0    0    0    0    2    0   26    0    0    0    0    0    0    0
     0    0]
 [  74    0    0    0    0    0    1  403    0    0    0    0    0    0
     0    0]
 [   0    0    0    0    0    1    0    0   19    0    0    0    0    0
     0    0]
 [   1    9    1    5    5    2    0    0    1  528  118   68    0    0
     0  234]
 [   0  548  265   46   30   31    0    0    0  182 1220  103    6    5
     0   19]
 [   8   19    5   35    4    1    0    0    0   30   16  438    1    0
     1   35]
 [   0    0    9   16    0    0    0    0    0    0    0    0  103    0
    77    0]
 [   0    0    0    0    4    0    0    0    0    0    0    0    0 1257
     4    0]
 [   0    0    0    0    0    0    0    0    0    0    0    0   51    1
   334    0]
 [   0    0    0    0    0    0    0    0    0    3    1    0    0    0
     0   89]]