Dataset : IP
N times : 10
TAU : 1.8
77.89052590496634 Overall accuracy (%)
75.19742248025776 Kappa accuracy (%)
83.5176974998355 Average accuracy (%)

              precision    recall  f1-score   support

           1       0.20      0.76      0.31        46
           2       0.68      0.64      0.66      1428
           3       0.78      0.75      0.76       830
           4       0.34      0.77      0.47       237
           5       0.93      0.95      0.94       483
           6       0.98      0.99      0.98       730
           7       0.56      1.00      0.72        28
           8       0.97      0.77      0.86       478
           9       0.29      1.00      0.45        20
          10       0.83      0.72      0.77       972
          11       0.89      0.68      0.77      2455
          12       0.55      0.78      0.65       593
          13       0.62      0.76      0.68       205
          14       1.00      0.97      0.98      1265
          15       0.87      0.84      0.85       386
          16       0.37      0.99      0.54        93

    accuracy                           0.78     10249
   macro avg       0.68      0.84      0.71     10249
weighted avg       0.82      0.78      0.79     10249

[[  35    0    0    0    0    0    0   10    0    0    0    1    0    0
     0    0]
 [   0  920   10  184    0    0    0    0    4   11   64  158    2    0
     1   74]
 [   0   12  620  107    2    0    0    0   21    6   22   39    1    0
     0    0]
 [   0   25   29  182    0    0    0    0    0    0    0    1    0    0
     0    0]
 [   0    0    0    0  459    0   20    0    0    0    0    3    0    1
     0    0]
 [   0    0    0    0    1  721    0    0    3    0    0    0    0    0
     5    0]
 [   0    0    0    0    0    0   28    0    0    0    0    0    0    0
     0    0]
 [ 112    0    0    0    0    0    0  366    0    0    0    0    0    0
     0    0]
 [   0    0    0    0    0    0    0    0   20    0    0    0    0    0
     0    0]
 [   1   21    4    1   11    1    0    0    7  698  126  102    0    0
     0    0]
 [   0  335  130   34   15   13    0    0   10  123 1673   70   12    0
     1   39]
 [  29   41    1   17    1    0    2    0    0    0    1  465    0    0
     0   36]
 [   0    0    5    5    1    0    0    0    2    0    0    0  156    4
    32    0]
 [   0    0    0    0    5    0    0    0    0    0    0    0   25 1225
    10    0]
 [   0    0    0    0    0    0    0    0    1    0    0    0   57    0
   323    5]
 [   0    0    0    0    0    0    0    0    0    0    0    1    0    0
     0   92]]