Dataset : IP
N times : 10
TAU : 1.8
98.77222222222221 Overall accuracy (%)
98.52666666666666 Kappa accuracy (%)
98.77222222222223 Average accuracy (%)

              precision    recall  f1-score   support

           0       1.00      0.98      0.99     15000
           1       1.00      1.00      1.00     15000
           2       0.98      1.00      0.99     15000
           3       0.97      1.00      0.98     15000
           4       1.00      0.95      0.97     15000
           5       0.98      1.00      0.99     15000

    accuracy                           0.99     90000
   macro avg       0.99      0.99      0.99     90000
weighted avg       0.99      0.99      0.99     90000

[[14676     0   324     0     0     0]
 [    0 15000     0     0     0     0]
 [    0     0 15000     0     0     0]
 [    0     0     0 15000     0     0]
 [    0     0     0   491 14223   286]
 [    0     0     0     0     4 14996]]