Dataset : IP
N times : 10
TAU : 1.8
98.3788888888889 Overall accuracy (%)
98.05466666666666 Kappa accuracy (%)
98.37888888888888 Average accuracy (%)

              precision    recall  f1-score   support

           0       1.00      0.99      0.99     15000
           1       1.00      1.00      1.00     15000
           2       0.99      1.00      0.99     15000
           3       0.98      1.00      0.99     15000
           4       1.00      0.92      0.96     15000
           5       0.94      1.00      0.97     15000

    accuracy                           0.98     90000
   macro avg       0.98      0.98      0.98     90000
weighted avg       0.98      0.98      0.98     90000

[[14793     0   207     0     0     0]
 [    1 14997     2     0     0     0]
 [    0     0 15000     0     0     0]
 [    0     0     0 15000     0     0]
 [    0     0     0   347 13751   902]
 [    0     0     0     0     0 15000]]