Dataset : IP
N times : 10
TAU : 1.8
73.76329397990048 Overall accuracy (%)
70.76473128297202 Kappa accuracy (%)
80.83136444870426 Average accuracy (%)

              precision    recall  f1-score   support

           1       0.29      0.70      0.41        46
           2       0.66      0.55      0.60      1428
           3       0.80      0.84      0.82       830
           4       0.28      0.69      0.40       237
           5       0.91      0.95      0.93       483
           6       1.00      0.98      0.99       730
           7       0.64      1.00      0.78        28
           8       0.97      0.94      0.96       478
           9       0.71      1.00      0.83        20
          10       0.55      0.87      0.67       972
          11       0.88      0.51      0.65      2455
          12       0.48      0.58      0.53       593
          13       0.58      0.52      0.55       205
          14       0.99      0.98      0.98      1265
          15       0.79      0.84      0.82       386
          16       0.42      0.99      0.59        93

    accuracy                           0.74     10249
   macro avg       0.69      0.81      0.72     10249
weighted avg       0.79      0.74      0.74     10249

[[  32    0    0    0    0    0    0   13    0    0    0    1    0    0
     0    0]
 [   9  792   28  194    0    0    0    0    1  124   80  165    0    0
     0   35]
 [   0   17  694   84    1    0    0    0    1    2   13   18    0    0
     0    0]
 [   0   19   47  163    0    0    0    0    0    0    0    7    0    1
     0    0]
 [   0    0    0    0  457    0   14    0    2    0    0    9    0    1
     0    0]
 [   0    0    0    0    1  712    0    0    0    0    1    2   10    0
     4    0]
 [   0    0    0    0    0    0   28    0    0    0    0    0    0    0
     0    0]
 [  27    0    0    0    0    0    1  450    0    0    0    0    0    0
     0    0]
 [   0    0    0    0    0    0    0    0   20    0    0    0    0    0
     0    0]
 [   0    2    0    0    1    0    0    0    0  847   62   57    0    0
     0    3]
 [  10  305   80   53   22    0    1    0    0  532 1262  112    3    0
     0   75]
 [  31   61   10   73   11    0    0    0    0   43    8  345    0    1
     0   10]
 [   0    0    4   16    0    0    0    0    3    0    0    0  107    2
    73    0]
 [   0    0    0    0    7    0    0    0    1    0    0    4    8 1234
     9    2]
 [   0    0    0    0    0    0    0    0    0    0    0    0   56    4
   325    1]
 [   0    0    0    0    0    0    0    0    0    0    0    1    0    0
     0   92]]