Dataset : IP
N times : 10
TAU : 1.8
98.70555555555556 Overall accuracy (%)
98.44666666666667 Kappa accuracy (%)
98.70555555555556 Average accuracy (%)

              precision    recall  f1-score   support

           0       1.00      0.97      0.99     15000
           1       1.00      1.00      1.00     15000
           2       0.97      1.00      0.99     15000
           3       0.96      1.00      0.98     15000
           4       0.99      0.96      0.97     15000
           5       1.00      0.99      0.99     15000

    accuracy                           0.99     90000
   macro avg       0.99      0.99      0.99     90000
weighted avg       0.99      0.99      0.99     90000

[[14614     0   386     0     0     0]
 [    0 15000     0     0     0     0]
 [    0     0 15000     0     0     0]
 [    0     0     0 15000     0     0]
 [    0     0     0   627 14330    43]
 [    0     0     0     0   109 14891]]