Dataset : IP
N times : 10
TAU : 1.8
74.9634110644941 Overall accuracy (%)
71.93920590602293 Kappa accuracy (%)
79.37456410077766 Average accuracy (%)

              precision    recall  f1-score   support

           1       0.21      0.57      0.30        46
           2       0.74      0.57      0.64      1428
           3       0.65      0.82      0.73       830
           4       0.29      0.88      0.43       237
           5       0.93      0.83      0.88       483
           6       0.99      0.84      0.91       730
           7       0.26      0.82      0.40        28
           8       0.92      0.84      0.88       478
           9       0.12      0.90      0.21        20
          10       0.75      0.69      0.72       972
          11       0.80      0.63      0.71      2455
          12       0.69      0.76      0.72       593
          13       0.68      0.68      0.68       205
          14       0.99      0.98      0.98      1265
          15       0.84      0.94      0.89       386
          16       0.60      0.96      0.74        93

    accuracy                           0.75     10249
   macro avg       0.65      0.79      0.68     10249
weighted avg       0.80      0.75      0.76     10249

[[  26    0    0    0    0    0    1   19    0    0    0    0    0    0
     0    0]
 [   0  811   56  322    0    0    0    0    1    5  190   33    8    2
     0    0]
 [   0   11  679   77    0    0    0    0    6    9   25   12   11    0
     0    0]
 [   0    8   10  209    0    0    0    0    0    2    2    5    1    0
     0    0]
 [   0    0    0    0  401    0   63    0    3    0    0    0    0   14
     2    0]
 [   0    0    1    0    0  614    0    0  110    0    0    0    3    0
     2    0]
 [   0    0    0    0    5    0   23    0    0    0    0    0    0    0
     0    0]
 [  77    0    0    0    0    0    0  401    0    0    0    0    0    0
     0    0]
 [   0    0    0    0    0    2    0    0   18    0    0    0    0    0
     0    0]
 [   1    4   17    0    6    0    0    0    4  671  162  102    2    0
     0    3]
 [   0  265  244  116   19    4    1    0    8  162 1553   51    9    1
     1   21]
 [  21    0    5    4    1    0    0   14    0   43   11  451    7    0
     1   35]
 [   0    0   28    0    0    0    0    0    3    0    0    0  139    0
    35    0]
 [   0    0    0    0    0    0    0    0    0    0    0    0    0 1235
    30    0]
 [   0    0    0    0    0    0    0    0    0    0    0    0   23    0
   363    0]
 [   0    2    0    0    0    0    0    0    0    0    0    2    0    0
     0   89]]