Dataset : SA
N times : 1
TAU : 1.8
95.55 Overall accuracy (%)
94.66 Kappa accuracy (%)
95.55 Average accuracy (%)

              precision    recall  f1-score   support

           0       0.98      0.99      0.98     15000
           1       0.97      1.00      0.99     15000
           2       0.98      0.92      0.95     15000
           3       0.90      0.94      0.92     15000
           4       0.98      1.00      0.99     15000
           5       0.92      0.88      0.90     15000

    accuracy                           0.96     90000
   macro avg       0.96      0.96      0.96     90000
weighted avg       0.96      0.96      0.96     90000

[[14856    10    35     3     0    96]
 [    0 14988     2     7     0     3]
 [   56   198 13866   350    23   507]
 [    0   134     6 14149   153   558]
 [    2     0     5    19 14970     4]
 [  319    94   172  1167    82 13166]]