Dataset : SA
N times : 1
TAU : 1.8
87.72777777777779 Overall accuracy (%)
85.27333333333334 Kappa accuracy (%)
87.72777777777779 Average accuracy (%)

              precision    recall  f1-score   support

           0       0.86      0.91      0.88     15000
           1       0.95      0.98      0.97     15000
           2       0.77      0.64      0.70     15000
           3       0.90      0.98      0.94     15000
           4       0.99      0.99      0.99     15000
           5       0.76      0.77      0.76     15000

    accuracy                           0.88     90000
   macro avg       0.87      0.88      0.87     90000
weighted avg       0.87      0.88      0.87     90000

[[13623   404   315   204    19   435]
 [  227 14746    13     6     0     8]
 [ 1447   294  9531   671     5  3052]
 [   54    10   205 14661     5    65]
 [   11     0     1    20 14909    59]
 [  520    28  2260   646    61 11485]]