Dataset : SA
N times : 1
TAU : 1.8
92.03333333333333 Overall accuracy (%)
90.44 Kappa accuracy (%)
92.03333333333333 Average accuracy (%)

              precision    recall  f1-score   support

           0       0.91      0.96      0.93     15000
           1       0.98      0.99      0.98     15000
           2       0.98      0.92      0.95     15000
           3       0.81      0.94      0.87     15000
           4       1.00      1.00      1.00     15000
           5       0.87      0.72      0.78     15000

    accuracy                           0.92     90000
   macro avg       0.92      0.92      0.92     90000
weighted avg       0.92      0.92      0.92     90000

[[14331    32    85    33     0   519]
 [  145 14804     7     7     0    37]
 [   59   197 13790   537     0   417]
 [    4    51    78 14174     0   693]
 [    1     4     7     4 14975     9]
 [ 1274    65    57  2819    29 10756]]