Dataset : SA
N times : 1
TAU : 1.8
90.87666666666667 Overall accuracy (%)
89.05199999999999 Kappa accuracy (%)
90.87666666666667 Average accuracy (%)

              precision    recall  f1-score   support

           0       0.94      0.91      0.92     15000
           1       0.96      0.99      0.97     15000
           2       0.94      0.89      0.91     15000
           3       0.84      0.91      0.87     15000
           4       0.97      1.00      0.99     15000
           5       0.80      0.76      0.78     15000

    accuracy                           0.91     90000
   macro avg       0.91      0.91      0.91     90000
weighted avg       0.91      0.91      0.91     90000

[[13599    15   223   182   279   702]
 [   22 14917    43     0     0    18]
 [  369   609 13277    15     0   730]
 [   17     0     4 13639    15  1325]
 [   26     0     1    10 14960     3]
 [  474    68   597  2363   101 11397]]