Dataset : SA
N times : 1
TAU : 1.8
91.62777777777778 Overall accuracy (%)
89.95333333333333 Kappa accuracy (%)
91.62777777777778 Average accuracy (%)

              precision    recall  f1-score   support

           0       0.98      0.98      0.98     15000
           1       0.98      1.00      0.99     15000
           2       0.99      0.91      0.95     15000
           3       0.78      0.87      0.82     15000
           4       0.99      1.00      0.99     15000
           5       0.79      0.73      0.76     15000

    accuracy                           0.92     90000
   macro avg       0.92      0.92      0.92     90000
weighted avg       0.92      0.92      0.92     90000

[[14769     3    96     0     0   132]
 [    0 14932    16     3     0    49]
 [   85   232 13716    81     7   879]
 [    0    26     3 13066     6  1899]
 [    0     0     1    12 14968    19]
 [  149    75    70  3539   153 11014]]