Dataset : BW
N times : 20
TAU : 1.8
91.10133333333333 Overall accuracy (%)
88.87666666666667 Kappa accuracy (%)
91.10133333333333 Average accuracy (%)

              precision    recall  f1-score   support

           0       0.76      0.86      0.80     15000
           1       1.00      1.00      1.00     15000
           2       0.83      0.78      0.80     15000
           3       1.00      0.92      0.96     15000
           4       1.00      1.00      1.00     15000

    accuracy                           0.91     75000
   macro avg       0.92      0.91      0.91     75000
weighted avg       0.92      0.91      0.91     75000

[[12839    24  2134     3     0]
 [    0 15000     0     0     0]
 [ 3287     1 11712     0     0]
 [  877    15   332 13776     0]
 [    0     0     0     1 14999]]