Dataset : IP
N times : 25
TAU : 1.5
98.72999999999999 Overall accuracy (%)
98.476 Kappa accuracy (%)
98.72999999999999 Average accuracy (%)

              precision    recall  f1-score   support

           0       1.00      1.00      1.00     15000
           1       1.00      1.00      1.00     15000
           2       1.00      1.00      1.00     15000
           3       0.94      1.00      0.97     15000
           4       1.00      0.93      0.96     15000
           5       0.99      1.00      0.99     15000

    accuracy                           0.99     90000
   macro avg       0.99      0.99      0.99     90000
weighted avg       0.99      0.99      0.99     90000

[[14995     0     5     0     0     0]
 [    4 14994     2     0     0     0]
 [    0     0 15000     0     0     0]
 [    0     0     0 15000     0     0]
 [    0     0     0   888 13884   228]
 [    0     0     0     0    16 14984]]