Dataset : IP
N times : 25
TAU : 1.5
84.37896380134647 Overall accuracy (%)
82.35623144697996 Kappa accuracy (%)
86.39350232806312 Average accuracy (%)

              precision    recall  f1-score   support

           1       0.20      0.96      0.33        46
           2       0.82      0.83      0.82      1428
           3       0.95      0.84      0.89       830
           4       0.50      0.73      0.60       237
           5       0.96      0.78      0.86       483
           6       0.99      0.99      0.99       730
           7       0.09      1.00      0.17        28
           8       0.99      0.74      0.85       478
           9       0.25      1.00      0.40        20
          10       0.87      0.79      0.83       972
          11       0.92      0.82      0.87      2455
          12       0.79      0.71      0.74       593
          13       0.72      0.89      0.79       205
          14       1.00      0.99      1.00      1265
          15       0.95      0.80      0.87       386
          16       0.49      0.95      0.64        93

    accuracy                           0.84     10249
   macro avg       0.72      0.86      0.73     10249
weighted avg       0.89      0.84      0.86     10249

[[  44    0    0    0    0    0    0    2    0    0    0    0    0    0
     0    0]
 [   8 1186    8   63    4    0    0    0    0   16  104   39    0    0
     0    0]
 [   0   20  700   94    3    0    1    0    9    0    3    0    0    0
     0    0]
 [   0   27   17  174    0    0    0    0    0    0    1   18    0    0
     0    0]
 [   0    0    0    5  378    0   31    0   49    6   13    1    0    0
     0    0]
 [   0    0    0    0    0  725    3    0    0    0    2    0    0    0
     0    0]
 [   0    0    0    0    0    0   28    0    0    0    0    0    0    0
     0    0]
 [ 125    0    0    0    0    0    0  353    0    0    0    0    0    0
     0    0]
 [   0    0    0    0    0    0    0    0   20    0    0    0    0    0
     0    0]
 [  10    6    0    0    0    0  137    0    0  767   51    1    0    0
     0    0]
 [   1  193    2    8    3    4   93    0    0   79 2018   45    2    0
     7    0]
 [  33   22    9    2    1    0    0    0    0   11    4  419    0    0
     0   92]
 [   0    0    4    0    3    0    0    0    1    0    3    4  182    2
     6    0]
 [   1    0    0    0    0    0    0    0    0    0    0    0    2 1258
     4    0]
 [   0    0    0    0    0    1    9    0    0    0    0    0   67    1
   308    0]
 [   0    0    0    0    0    0    0    0    0    0    0    5    0    0
     0   88]]