Dataset : IP
N times : 25
TAU : 1.5
84.33017855400526 Overall accuracy (%)
82.23102031077627 Kappa accuracy (%)
85.83823644266563 Average accuracy (%)

              precision    recall  f1-score   support

           1       0.19      0.76      0.30        46
           2       0.82      0.73      0.77      1428
           3       0.84      0.85      0.84       830
           4       0.33      0.74      0.46       237
           5       0.99      0.88      0.93       483
           6       0.99      1.00      0.99       730
           7       0.33      1.00      0.50        28
           8       0.97      0.83      0.89       478
           9       0.57      1.00      0.73        20
          10       0.74      0.65      0.69       972
          11       0.91      0.89      0.90      2455
          12       0.78      0.63      0.70       593
          13       0.88      0.82      0.85       205
          14       1.00      1.00      1.00      1265
          15       0.96      0.96      0.96       386
          16       0.63      1.00      0.78        93

    accuracy                           0.84     10249
   macro avg       0.75      0.86      0.77     10249
weighted avg       0.87      0.84      0.85     10249

[[  35    0    0    0    0    0    0   10    0    1    0    0    0    0
     0    0]
 [   0 1044   29  241    0    0    0    0    0   50   55    5    0    4
     0    0]
 [   0    7  702   97    0    0    0    0   11    0    0   13    0    0
     0    0]
 [   0   37   21  176    0    0    0    0    0    0    0    3    0    0
     0    0]
 [   0    0    0    0  423    0   51    0    1    7    1    0    0    0
     0    0]
 [   0    0    0    0    0  729    1    0    0    0    0    0    0    0
     0    0]
 [   0    0    0    0    0    0   28    0    0    0    0    0    0    0
     0    0]
 [  82    0    0    0    0    0    0  396    0    0    0    0    0    0
     0    0]
 [   0    0    0    0    0    0    0    0   20    0    0    0    0    0
     0    0]
 [  67   39    2   13    0    3    0    2    0  628  147   71    0    0
     0    0]
 [   0  100   20    4    2    8    4    0    0   99 2192   15    8    2
     1    0]
 [   4   41   43    5    1    0    0    0    0   57   13  375    0    0
     0   54]
 [   0    0   17    0    0    0    0    0    3    0    0    0  169    0
    16    0]
 [   0    0    0    0    0    0    0    0    0    1    0    0    0 1264
     0    0]
 [   0    0    0    0    0    0    0    0    0    1    0    0   16    0
   369    0]
 [   0    0    0    0    0    0    0    0    0    0    0    0    0    0
     0   93]]