Dataset : IP
N times : 25
TAU : 1.5
84.48629134549712 Overall accuracy (%)
82.52748451728864 Kappa accuracy (%)
87.96489950594214 Average accuracy (%)

              precision    recall  f1-score   support

           1       0.34      0.80      0.47        46
           2       0.75      0.76      0.76      1428
           3       0.82      0.88      0.85       830
           4       0.28      0.66      0.40       237
           5       0.97      0.84      0.90       483
           6       0.98      1.00      0.99       730
           7       0.33      1.00      0.50        28
           8       0.98      0.86      0.92       478
           9       0.62      1.00      0.77        20
          10       0.90      0.86      0.88       972
          11       0.92      0.73      0.81      2455
          12       0.74      0.92      0.82       593
          13       0.92      0.85      0.89       205
          14       1.00      0.99      1.00      1265
          15       0.98      0.94      0.96       386
          16       0.69      0.97      0.81        93

    accuracy                           0.84     10249
   macro avg       0.76      0.88      0.79     10249
weighted avg       0.88      0.84      0.85     10249

[[  37    0    0    0    0    0    0    9    0    0    0    0    0    0
     0    0]
 [   6 1082   14  183    0    0    0    0    0    5   24  114    0    0
     0    0]
 [   0   12  728   77    0    0    0    0    0    0    2   11    0    0
     0    0]
 [   0   31   21  157    0    0    0    0    0    0    8   20    0    0
     0    0]
 [   0    3    0    7  408    0   55    0    8    1    1    0    0    0
     0    0]
 [   0    0    0    0    0  729    0    0    0    0    0    0    0    0
     1    0]
 [   0    0    0    0    0    0   28    0    0    0    0    0    0    0
     0    0]
 [  66    0    0    0    0    0    0  412    0    0    0    0    0    0
     0    0]
 [   0    0    0    0    0    0    0    0   20    0    0    0    0    0
     0    0]
 [   0   13    0    0    2    0    0    0    0  837  117    3    0    0
     0    0]
 [   0  288   99  132    3   14    0    0    0   88 1792   37    0    0
     2    0]
 [   0    5    0    0    0    0    0    0    0    2    0  546    0    0
     0   40]
 [   0    0   24    0    0    0    0    0    3    0    0    0  175    0
     3    0]
 [   1    0    0    0    3    0    1    0    0    0    4    1    0 1254
     1    0]
 [   0    0    0    0    6    0    0    0    1    0    0    0   15    0
   364    0]
 [   0    0    0    0    0    0    0    0    0    0    0    3    0    0
     0   90]]