Dataset : IP
N times : 25
TAU : 1.5
88.02810030246853 Overall accuracy (%)
86.42381055989073 Kappa accuracy (%)
86.30458122559851 Average accuracy (%)

              precision    recall  f1-score   support

           1       0.35      0.78      0.48        46
           2       0.88      0.78      0.83      1428
           3       0.88      0.86      0.87       830
           4       0.40      0.71      0.51       237
           5       0.95      0.79      0.86       483
           6       0.98      1.00      0.99       730
           7       0.21      1.00      0.35        28
           8       0.98      0.88      0.93       478
           9       0.25      1.00      0.40        20
          10       0.95      0.97      0.96       972
          11       0.98      0.96      0.97      2455
          12       0.85      0.57      0.68       593
          13       0.64      0.88      0.74       205
          14       1.00      0.99      1.00      1265
          15       0.96      0.68      0.80       386
          16       0.35      0.97      0.52        93

    accuracy                           0.88     10249
   macro avg       0.72      0.86      0.74     10249
weighted avg       0.91      0.88      0.89     10249

[[  36    0    0    0    0    1    0    9    0    0    0    0    0    0
     0    0]
 [   7 1120   63  188    2    0    0    0    0    0   17   31    0    0
     0    0]
 [   0   10  712   60    2    0    1    0   30    0    7    8    0    0
     0    0]
 [   0   41   19  168    0    0    0    0    0    0    1    8    0    0
     0    0]
 [   0    3    1    2  382    0   46    0   27    4   15    1    0    0
     2    0]
 [   0    0    0    0    0  727    3    0    0    0    0    0    0    0
     0    0]
 [   0    0    0    0    0    0   28    0    0    0    0    0    0    0
     0    0]
 [  58    0    0    0    0    0    0  420    0    0    0    0    0    0
     0    0]
 [   0    0    0    0    0    0    0    0   20    0    0    0    0    0
     0    0]
 [   0    0    0    0    0    0   24    0    0  939    5    4    0    0
     0    0]
 [   0   53   11    2    2   12   10    0    0   10 2345    5    4    0
     1    0]
 [   2   41    0    0    7    0    0    1    0   40    1  336    0    0
     0  165]
 [   0    0    3    0    2    0    0    0    2    0   11    0  180    0
     7    0]
 [   1    6    0    0    1    0    0    0    0    0    0    1    0 1255
     1    0]
 [   0    0    0    0    3    0   20    0    0    0    0    0   99    0
   264    0]
 [   0    0    0    0    0    0    0    0    0    0    0    3    0    0
     0   90]]