Dataset : IP
N times : 25
TAU : 1.5
90.19416528441799 Overall accuracy (%)
88.88427699278239 Kappa accuracy (%)
89.68866826180968 Average accuracy (%)

              precision    recall  f1-score   support

           1       0.21      0.78      0.33        46
           2       0.91      0.86      0.88      1428
           3       0.89      0.85      0.87       830
           4       0.47      0.78      0.59       237
           5       0.91      0.85      0.88       483
           6       1.00      0.99      0.99       730
           7       0.24      1.00      0.39        28
           8       0.97      0.75      0.84       478
           9       0.53      1.00      0.69        20
          10       0.91      0.97      0.94       972
          11       0.96      0.91      0.93      2455
          12       0.89      0.88      0.88       593
          13       0.99      0.89      0.94       205
          14       1.00      0.98      0.99      1265
          15       1.00      0.95      0.97       386
          16       0.65      0.92      0.76        93

    accuracy                           0.90     10249
   macro avg       0.78      0.90      0.81     10249
weighted avg       0.93      0.90      0.91     10249

[[  36    0    0    0    0    0    0   10    0    0    0    0    0    0
     0    0]
 [  14 1222   10   77    0    0    0    0    0   15   77   13    0    0
     0    0]
 [   0    7  709   95    0    0    0    0   13    0    0    6    0    0
     0    0]
 [   0   12   27  185    0    0    0    0    0    0    2   11    0    0
     0    0]
 [   0    0    0    0  412    0   69    0    1    0    0    1    0    0
     0    0]
 [   0    0    0    0    3  722    0    0    1    0    4    0    0    0
     0    0]
 [   0    0    0    0    0    0   28    0    0    0    0    0    0    0
     0    0]
 [ 121    0    0    0    0    0    0  357    0    0    0    0    0    0
     0    0]
 [   0    0    0    0    0    0    0    0   20    0    0    0    0    0
     0    0]
 [   0    1    0    0    0    0    0    0    0  942    2   27    0    0
     0    0]
 [   0   87   33   31    6    0    0    0    3   71 2222    2    0    0
     0    0]
 [   0   12    6    0    1    0    0    0    0    8    0  522    0    0
     0   44]
 [   0    0   16    5    2    0    0    0    0    0    0    0  182    0
     0    0]
 [   1    0    0    0   27    0    0    0    0    0    0    1    0 1234
     0    2]
 [   0    0    0    0    1    0   19    0    0    0    0    0    1    0
   365    0]
 [   0    0    0    0    0    0    0    0    0    1    0    6    0    0
     0   86]]