Dataset : IP
N times : 25
TAU : 1.5
99.44 Overall accuracy (%)
99.328 Kappa accuracy (%)
99.44000000000001 Average accuracy (%)

              precision    recall  f1-score   support

           0       1.00      1.00      1.00     15000
           1       1.00      1.00      1.00     15000
           2       1.00      1.00      1.00     15000
           3       0.97      1.00      0.99     15000
           4       1.00      0.97      0.98     15000
           5       1.00      1.00      1.00     15000

    accuracy                           0.99     90000
   macro avg       0.99      0.99      0.99     90000
weighted avg       0.99      0.99      0.99     90000

[[15000     0     0     0     0     0]
 [    7 14992     1     0     0     0]
 [    0     0 15000     0     0     0]
 [    0     0     0 15000     0     0]
 [    0     0     0   430 14514    56]
 [    0     0     0     0    10 14990]]