Actual Testing Results: 
   dataset  encoder  tau  n_times     OA     KA     AA  OA_mean   OA_var  KA_mean   KA_var  AA_mean   AA_var
0      IP  conv_sa  1.8        1  96.41  95.69  96.41   95.218  0.99257   94.260  1.42940   95.218  0.99257
1      IP  conv_sa  1.8        5  98.98  98.77  98.98   98.046  0.47608   97.656  0.68308   98.046  0.47608
2      IP  conv_sa  1.8       10  98.77  98.53  98.77   98.502  0.12227   98.202  0.17632   98.502  0.12227
3      IP  conv_sa  1.8       15  99.60  99.51  99.60   98.342  0.60317   98.006  0.86333   98.342  0.60317
4      IP  conv_sa  1.8       20  99.63  99.56  99.63   98.842  0.76792   98.614  1.10608   98.842  0.76792
5      IP  conv_sa  1.8       25  99.72  99.66  99.72   99.146  0.14743   98.974  0.21168   99.146  0.14743

Post Tune Visualization Result: 
   dataset  encoder  tau  n_times         OA         KA         AA    OA_mean     OA_var    KA_mean     KA_var    AA_mean     AA_var
0      IP  conv_sa  1.8        1  54.161382  49.536208  68.375248  46.164504  27.178776  41.110164  29.529390  59.800521  25.549833
1      IP  conv_sa  1.8        5  72.602205  69.457652  82.807941  68.660357   6.317997  65.191135   7.490964  78.115411   9.076752
2      IP  conv_sa  1.8       10  77.890526  75.197422  83.517697  73.825739   7.792340  70.741734   9.400427  80.053912   4.897874
3      IP  conv_sa  1.8       15  86.720656  84.984752  90.979473  82.353400  10.095038  80.136553  12.417038  86.719225   9.550405
4      IP  conv_sa  1.8       20  88.701337  87.165066  90.509019  81.141575  24.597561  78.736694  30.388681  83.362879  20.891382
5      IP  conv_sa  1.8       25  88.711094  87.204473  91.780708  85.863987   5.002209  84.007570   6.276066  88.570870   7.249823