Dataset : IP
N times : 25
TAU : 1.8
90.30149282856864 Overall accuracy (%)
88.99884506028943 Kappa accuracy (%)
89.87572475315253 Average accuracy (%)

              precision    recall  f1-score   support

           1       0.72      1.00      0.84        46
           2       0.86      0.84      0.85      1428
           3       0.90      0.91      0.90       830
           4       0.27      0.42      0.33       237
           5       0.97      0.90      0.93       483
           6       1.00      0.98      0.99       730
           7       0.37      1.00      0.54        28
           8       1.00      0.96      0.98       478
           9       0.39      1.00      0.56        20
          10       0.88      0.93      0.90       972
          11       0.97      0.90      0.93      2455
          12       0.95      0.89      0.92       593
          13       0.97      0.68      0.80       205
          14       1.00      0.98      0.99      1265
          15       0.90      1.00      0.95       386
          16       0.59      0.99      0.74        93

    accuracy                           0.90     10249
   macro avg       0.80      0.90      0.82     10249
weighted avg       0.92      0.90      0.91     10249

[[  46    0    0    0    0    0    0    0    0    0    0    0    0    0
     0    0]
 [   0 1195    2  171    0    0    0    0    0   47    4    7    0    0
     0    2]
 [   0    3  754   56    0    0    0    0   15    0    0    0    2    0
     0    0]
 [   0   66   36   99    0    0    0    0    0    0   31    5    0    0
     0    0]
 [   0    0    0    0  435    0   48    0    0    0    0    0    0    0
     0    0]
 [   0    0    1    0    0  715    0    0   11    0    0    0    3    0
     0    0]
 [   0    0    0    0    0    0   28    0    0    0    0    0    0    0
     0    0]
 [  18    0    0    0    0    0    0  460    0    0    0    0    0    0
     0    0]
 [   0    0    0    0    0    0    0    0   20    0    0    0    0    0
     0    0]
 [   0    4    0    0    0    0    0    0    0  908   33   16    0    0
     0   11]
 [   0  112    8   43    4    0    0    0    0   79 2206    0    0    0
     1    2]
 [   0    2    6    0    1    0    0    0    0    0    6  529    0    0
     0   49]
 [   0    0   30    0    0    0    0    0    5    0    0    0  139    0
    31    0]
 [   0    0    0    0    8    0    0    0    0    2    0    0    0 1243
    12    0]
 [   0    0    0    0    0    0    0    0    0    0    0    0    0    0
   386    0]
 [   0    0    0    0    0    0    0    0    0    1    0    0    0    0
     0   92]]