Dataset : IP
N times : 25
TAU : 1.8
96.1711111111111 Overall accuracy (%)
95.40533333333333 Kappa accuracy (%)
96.1711111111111 Average accuracy (%)

              precision    recall  f1-score   support

           0       1.00      0.93      0.96     15000
           1       1.00      0.99      1.00     15000
           2       0.93      1.00      0.96     15000
           3       0.88      0.99      0.93     15000
           4       0.99      0.86      0.92     15000
           5       1.00      1.00      1.00     15000

    accuracy                           0.96     90000
   macro avg       0.96      0.96      0.96     90000
weighted avg       0.96      0.96      0.96     90000

[[13968    31  1001     0     0     0]
 [    6 14908    86     0     0     0]
 [   14     0 14986     0     0     0]
 [    0     0     0 14804   196     0]
 [    0     0     0  2111 12888     1]
 [    0     0     0     0     0 15000]]