Dataset : IP
N times : 25
TAU : 1.8
96.52649038930628 Overall accuracy (%)
96.03894007370528 Kappa accuracy (%)
92.78130762171565 Average accuracy (%)

              precision    recall  f1-score   support

           1       0.61      0.89      0.73        46
           2       0.94      0.98      0.96      1428
           3       0.92      0.97      0.94       830
           4       0.70      0.41      0.51       237
           5       1.00      0.99      0.99       483
           6       1.00      1.00      1.00       730
           7       0.79      0.96      0.87        28
           8       1.00      0.95      0.97       478
           9       0.49      1.00      0.66        20
          10       1.00      1.00      1.00       972
          11       1.00      0.99      0.99      2455
          12       0.95      0.91      0.93       593
          13       0.99      0.80      0.89       205
          14       1.00      1.00      1.00      1265
          15       1.00      1.00      1.00       386
          16       0.62      1.00      0.77        93

    accuracy                           0.97     10249
   macro avg       0.88      0.93      0.89     10249
weighted avg       0.97      0.97      0.96     10249

[[  41    0    0    0    0    0    2    2    0    0    0    0    0    0
     0    1]
 [   0 1405    0   14    0    0    0    0    0    0    8    1    0    0
     0    0]
 [   0    0  801   27    0    0    0    0    1    0    0    0    1    0
     0    0]
 [   0   61   48   96    0    0    0    0    0    0    3   27    0    0
     0    2]
 [   0    0    0    0  478    0    5    0    0    0    0    0    0    0
     0    0]
 [   0    0    0    0    0  730    0    0    0    0    0    0    0    0
     0    0]
 [   0    0    0    0    1    0   27    0    0    0    0    0    0    0
     0    0]
 [  26    0    0    0    0    0    0  452    0    0    0    0    0    0
     0    0]
 [   0    0    0    0    0    0    0    0   20    0    0    0    0    0
     0    0]
 [   0    0    0    0    0    0    0    0    0  972    0    0    0    0
     0    0]
 [   0   30    0    0    0    0    0    0    0    2 2421    0    0    0
     0    2]
 [   0    0    0    0    0    0    0    0    0    0    0  542    0    0
     0   51]
 [   0    0   21    0    0    0    0    0   20    0    0    0  164    0
     0    0]
 [   0    0    0    0    0    0    0    0    0    0    0    0    0 1265
     0    0]
 [   0    0    0    0    0    0    0    0    0    0    0    0    0    0
   386    0]
 [   0    0    0    0    0    0    0    0    0    0    0    0    0    0
     0   93]]