Dataset : IP
N times : 25
TAU : 0.4
99.51555555555555 Overall accuracy (%)
99.41866666666667 Kappa accuracy (%)
99.51555555555557 Average accuracy (%)

              precision    recall  f1-score   support

           0       1.00      0.99      1.00      3750
           1       1.00      1.00      1.00      3750
           2       0.99      1.00      1.00      3750
           3       0.98      1.00      0.99      3750
           4       1.00      0.98      0.99      3750
           5       1.00      1.00      1.00      3750

    accuracy                           1.00     22500
   macro avg       1.00      1.00      1.00     22500
weighted avg       1.00      1.00      1.00     22500

[[3717    0   33    0    0    0]
 [   4 3746    0    0    0    0]
 [   0    0 3750    0    0    0]
 [   0    0    0 3750    0    0]
 [   0    0    0   72 3678    0]
 [   0    0    0    0    0 3750]]