Dataset : IP
N times : 25
TAU : 0.4
99.07111111111111 Overall accuracy (%)
98.88533333333334 Kappa accuracy (%)
99.07111111111111 Average accuracy (%)

              precision    recall  f1-score   support

           0       1.00      1.00      1.00      3750
           1       1.00      1.00      1.00      3750
           2       1.00      1.00      1.00      3750
           3       0.96      1.00      0.98      3750
           4       1.00      0.95      0.98      3750
           5       1.00      1.00      1.00      3750

    accuracy                           0.99     22500
   macro avg       0.99      0.99      0.99     22500
weighted avg       0.99      0.99      0.99     22500

[[3736    0   14    0    0    0]
 [  17 3733    0    0    0    0]
 [   0    0 3750    0    0    0]
 [   0    0    0 3750    0    0]
 [   0    0    0  176 3572    2]
 [   0    0    0    0    0 3750]]