Dataset : SA
N times : 25
TAU : 1.8
96.73742356223096 Overall accuracy (%)
96.36824095532637 Kappa accuracy (%)
95.91119701379169 Average accuracy (%)

              precision    recall  f1-score   support

           1       0.99      0.85      0.92      2009
           2       0.93      1.00      0.96      3726
           3       0.97      1.00      0.98      1976
           4       0.91      0.93      0.92      1394
           5       0.96      0.98      0.97      2678
           6       1.00      1.00      1.00      3959
           7       0.99      0.81      0.89      3579
           8       0.99      0.99      0.99     11271
           9       1.00      0.96      0.98      6203
          10       0.95      1.00      0.97      3278
          11       1.00      1.00      1.00      1068
          12       0.91      0.99      0.95      1927
          13       1.00      0.99      0.99       916
          14       0.76      1.00      0.86      1070
          15       0.99      1.00      0.99      7268
          16       0.90      0.84      0.87      1807

    accuracy                           0.97     54129
   macro avg       0.95      0.96      0.95     54129
weighted avg       0.97      0.97      0.97     54129

[[ 1713   296     0     0     0     0     0     0     0     0     0     0
      0     0     0     0]
 [    9  3717     0     0     0     0     0     0     0     0     0     0
      0     0     0     0]
 [    0     0  1976     0     0     0     0     0     0     0     0     0
      0     0     0     0]
 [    0     0     1  1290   103     0     0     0     0     0     0     0
      0     0     0     0]
 [    0     0     0    58  2620     0     0     0     0     0     0     0
      0     0     0     0]
 [    0     0     0     0     0  3959     0     0     0     0     0     0
      0     0     0     0]
 [    5     0     0    58     0     0  2910    92    14     0     0     0
      0   321    18   161]
 [    0     0     0     0     0     0     0 11189     0     0     0     0
      0     0    82     0]
 [    0     0     0     0     0     0    11     0  5977     0     0   201
      0     0     0    14]
 [    0     0     0     0     0     0     1     0     0  3277     0     0
      0     0     0     0]
 [    0     0     0     0     0     0     0     0     0     0  1068     0
      0     0     0     0]
 [    0     0     0     0     0     0     0     0    11     0     0  1916
      0     0     0     0]
 [    0     0     0     0     0     0     0     0     0     0     0     0
    909     7     0     0]
 [    0     0     0     0     0     0     0     0     0     0     0     0
      1  1069     0     0]
 [    0     0     0     0     0     0     0    10     0     0     0     0
      0     0  7258     0]
 [    0     0    65     7     0     0    16     0     0   182     5     0
      3    14     0  1515]]