Dataset : SA
N times : 25
TAU : 1.8
98.33666666666666 Overall accuracy (%)
98.004 Kappa accuracy (%)
98.33666666666669 Average accuracy (%)

              precision    recall  f1-score   support

           0       0.99      1.00      1.00     15000
           1       0.94      1.00      0.97     15000
           2       1.00      0.93      0.96     15000
           3       0.99      0.99      0.99     15000
           4       0.99      1.00      0.99     15000
           5       0.99      0.98      0.99     15000

    accuracy                           0.98     90000
   macro avg       0.98      0.98      0.98     90000
weighted avg       0.98      0.98      0.98     90000

[[15000     0     0     0     0     0]
 [    0 14976    24     0     0     0]
 [  105   930 13965     0     0     0]
 [    0     0     0 14915     0    85]
 [    0     0     0     2 14998     0]
 [    0     0     0   169   182 14649]]