Dataset : IP
N times : 1
TAU : 1.8
6.7226070836179135 Overall accuracy (%)
0.23784786777939493 Kappa accuracy (%)
7.1224142067167024 Average accuracy (%)

              precision    recall  f1-score   support

           1       0.00      0.00      0.00        46
           2       0.14      0.07      0.09      1428
           3       0.09      0.08      0.08       830
           4       0.02      0.06      0.03       237
           5       0.03      0.04      0.04       483
           6       0.06      0.05      0.06       730
           7       0.00      0.04      0.00        28
           8       0.06      0.08      0.06       478
           9       0.01      0.20      0.01        20
          10       0.09      0.07      0.08       972
          11       0.25      0.07      0.11      2455
          12       0.06      0.07      0.06       593
          13       0.03      0.08      0.04       205
          14       0.12      0.06      0.08      1265
          15       0.05      0.08      0.06       386
          16       0.02      0.10      0.03        93

    accuracy                           0.07     10249
   macro avg       0.06      0.07      0.05     10249
weighted avg       0.13      0.07      0.08     10249

[[  0   2   7   3   4   2   2   1   2   4   4   5   2   0   4   4]
 [ 71  97 121 100  66  66  68  87 101 110  99 106  73  88  79  96]
 [ 44  46  66  47  41  57  42  51  58  59  59  48  51  48  61  52]
 [ 17  19  20  14   7  14  11  10  14  22  14  10  20  18  17  10]
 [ 29  32  31  25  20  30  30  27  40  36  23  41  30  23  37  29]
 [ 38  48  61  30  41  39  37  53  65  50  57  36  38  54  47  36]
 [  1   0   1   2   1   3   1   0   4   2   0   0   4   1   1   7]
 [ 18  37  17  29  36  30  48  36  27  20  29  32  39  25  36  19]
 [  1   1   0   2   1   3   1   2   4   1   0   1   0   1   0   2]
 [ 55  88  68  51  66  44  71  56  52  65  57  62  48  75  58  56]
 [139 170 210 170 149 153 137 152 159 146 169 145 124 154 137 141]
 [ 25  37  32  43  43  30  37  30  44  46  44  40  36  33  38  35]
 [  9  12  14  20  10  11  10  24   7  18   8   6  17  16  11  12]
 [ 66  80  98  78  96  94  74  75  82 104  66  79  69  81  59  64]
 [ 22  27  17  21  16  20  37  28  24  22  28  21  20  34  31  18]
 [  2   6   4   4   3  11   2   1  12   4   7   7   6   9   6   9]]