Dataset : BW
N times : 10
TAU : 1.8
86.73866666666666 Overall accuracy (%)
83.42333333333333 Kappa accuracy (%)
86.73866666666667 Average accuracy (%)

              precision    recall  f1-score   support

           0       0.67      0.66      0.67     15000
           1       0.95      1.00      0.98     15000
           2       0.70      0.68      0.69     15000
           3       1.00      0.99      0.99     15000
           4       1.00      1.00      1.00     15000

    accuracy                           0.87     75000
   macro avg       0.87      0.87      0.87     75000
weighted avg       0.87      0.87      0.87     75000

[[ 9938   647  4348    67     0]
 [    0 15000     0     0     0]
 [ 4693    57 10250     0     0]
 [  107    19     8 14866     0]
 [    0     0     0     0 15000]]