Dataset : BW
N times : 10
TAU : 1.8
94.42266666666667 Overall accuracy (%)
93.02833333333334 Kappa accuracy (%)
94.42266666666667 Average accuracy (%)

              precision    recall  f1-score   support

           0       0.95      0.95      0.95     15000
           1       0.98      1.00      0.99     15000
           2       0.83      0.92      0.87     15000
           3       1.00      0.85      0.92     15000
           4       0.99      1.00      1.00     15000

    accuracy                           0.94     75000
   macro avg       0.95      0.94      0.94     75000
weighted avg       0.95      0.94      0.94     75000

[[14220     0   780     0     0]
 [    0 15000     0     0     0]
 [  767   376 13804    53     0]
 [   34     5  2050 12793   118]
 [    0     0     0     0 15000]]