Dataset : SA
N times : 20
TAU : 1.8
98.24777777777778 Overall accuracy (%)
97.89733333333334 Kappa accuracy (%)
98.24777777777778 Average accuracy (%)

              precision    recall  f1-score   support

           0       0.92      1.00      0.96     15000
           1       1.00      1.00      1.00     15000
           2       1.00      0.91      0.95     15000
           3       1.00      0.99      1.00     15000
           4       1.00      1.00      1.00     15000
           5       0.98      1.00      0.99     15000

    accuracy                           0.98     90000
   macro avg       0.98      0.98      0.98     90000
weighted avg       0.98      0.98      0.98     90000

[[14999     0     1     0     0     0]
 [    0 15000     0     0     0     0]
 [ 1196     0 13576     0     0   228]
 [   15     0     0 14882     0   103]
 [    0     0     0     0 14984    16]
 [    9     0     0     8     1 14982]]