Dataset : SA
N times : 20
TAU : 1.8
97.87222222222223 Overall accuracy (%)
97.44666666666667 Kappa accuracy (%)
97.87222222222223 Average accuracy (%)

              precision    recall  f1-score   support

           0       1.00      1.00      1.00     15000
           1       0.99      1.00      1.00     15000
           2       0.96      0.99      0.97     15000
           3       0.98      1.00      0.99     15000
           4       0.95      1.00      0.97     15000
           5       1.00      0.88      0.94     15000

    accuracy                           0.98     90000
   macro avg       0.98      0.98      0.98     90000
weighted avg       0.98      0.98      0.98     90000

[[14999     1     0     0     0     0]
 [    0 15000     0     0     0     0]
 [   56   105 14828     1     0    10]
 [    0     0     6 14993     0     1]
 [    0     0     0     0 14997     3]
 [    3     0   616   334   779 13268]]