Dataset : SA
N times : 20
TAU : 1.8
91.88666666666667 Overall accuracy (%)
90.264 Kappa accuracy (%)
91.88666666666667 Average accuracy (%)

              precision    recall  f1-score   support

           0       0.97      1.00      0.99     15000
           1       0.94      1.00      0.97     15000
           2       0.84      0.85      0.85     15000
           3       0.93      0.96      0.94     15000
           4       0.94      1.00      0.97     15000
           5       0.87      0.70      0.77     15000

    accuracy                           0.92     90000
   macro avg       0.92      0.92      0.92     90000
weighted avg       0.92      0.92      0.92     90000

[[15000     0     0     0     0     0]
 [    0 15000     0     0     0     0]
 [  375     8 12819   308     0  1490]
 [    0    18    99 14407   392    84]
 [    0     0     0     0 15000     0]
 [   53   897  2294   791   493 10472]]