Dataset : SA
N times : 20
TAU : 1.8
97.50555555555556 Overall accuracy (%)
97.00666666666666 Kappa accuracy (%)
97.50555555555555 Average accuracy (%)

              precision    recall  f1-score   support

           0       0.92      0.99      0.95     15000
           1       1.00      1.00      1.00     15000
           2       1.00      0.94      0.97     15000
           3       0.96      0.94      0.95     15000
           4       1.00      1.00      1.00     15000
           5       0.97      0.98      0.97     15000

    accuracy                           0.98     90000
   macro avg       0.98      0.98      0.98     90000
weighted avg       0.98      0.98      0.98     90000

[[14834     0     0   165     0     1]
 [    0 15000     0     0     0     0]
 [  737     5 14159    30     0    69]
 [  537     6     0 14105     0   352]
 [    0     0     0     1 14997     2]
 [    0     0     0   322    18 14660]]