Dataset : SA
N times : 20
TAU : 1.8
96.89222222222223 Overall accuracy (%)
96.27066666666667 Kappa accuracy (%)
96.89222222222222 Average accuracy (%)

              precision    recall  f1-score   support

           0       0.95      1.00      0.98     15000
           1       1.00      1.00      1.00     15000
           2       1.00      0.94      0.97     15000
           3       0.91      0.99      0.95     15000
           4       1.00      1.00      1.00     15000
           5       0.97      0.88      0.92     15000

    accuracy                           0.97     90000
   macro avg       0.97      0.97      0.97     90000
weighted avg       0.97      0.97      0.97     90000

[[14999     0     0     0     0     1]
 [    0 15000     0     0     0     0]
 [  611     0 14077    17     0   295]
 [    6    10     0 14866     0   118]
 [    0     0     0     0 15000     0]
 [  129     0    52  1543    15 13261]]