Dataset : SA
N times : 15
TAU : 1.8
96.78777777777778 Overall accuracy (%)
96.14533333333334 Kappa accuracy (%)
96.78777777777779 Average accuracy (%)

              precision    recall  f1-score   support

           0       0.98      1.00      0.99     15000
           1       1.00      1.00      1.00     15000
           2       0.99      0.95      0.97     15000
           3       0.90      0.99      0.94     15000
           4       0.98      1.00      0.99     15000
           5       0.97      0.87      0.92     15000

    accuracy                           0.97     90000
   macro avg       0.97      0.97      0.97     90000
weighted avg       0.97      0.97      0.97     90000

[[15000     0     0     0     0     0]
 [    0 15000     0     0     0     0]
 [  267    47 14236   239     0   211]
 [    0     0     6 14851     8   135]
 [    0     0     0     0 15000     0]
 [   19     0   141  1478   340 13022]]