Dataset : SA
N times : 15
TAU : 1.8
96.81888888888889 Overall accuracy (%)
96.18266666666668 Kappa accuracy (%)
96.81888888888888 Average accuracy (%)

              precision    recall  f1-score   support

           0       0.95      1.00      0.98     15000
           1       1.00      1.00      1.00     15000
           2       0.91      0.96      0.93     15000
           3       0.99      0.99      0.99     15000
           4       0.99      1.00      1.00     15000
           5       0.98      0.86      0.91     15000

    accuracy                           0.97     90000
   macro avg       0.97      0.97      0.97     90000
weighted avg       0.97      0.97      0.97     90000

[[15000     0     0     0     0     0]
 [    0 15000     0     0     0     0]
 [  416     0 14411     0     0   173]
 [    0     0     2 14872     0   126]
 [    0     0     0     0 15000     0]
 [  307    53  1473   196   117 12854]]