Dataset : SA
N times : 15
TAU : 1.8
98.22999999999999 Overall accuracy (%)
97.87599999999999 Kappa accuracy (%)
98.22999999999999 Average accuracy (%)

              precision    recall  f1-score   support

           0       0.98      1.00      0.99     15000
           1       1.00      1.00      1.00     15000
           2       1.00      0.97      0.98     15000
           3       0.94      1.00      0.97     15000
           4       0.99      1.00      1.00     15000
           5       0.99      0.93      0.96     15000

    accuracy                           0.98     90000
   macro avg       0.98      0.98      0.98     90000
weighted avg       0.98      0.98      0.98     90000

[[15000     0     0     0     0     0]
 [    0 15000     0     0     0     0]
 [  356    14 14549     0     0    81]
 [    0     0     0 14961     0    39]
 [    0     0     0     0 15000     0]
 [    9     1     0   965   128 13897]]