Dataset : SA
N times : 15
TAU : 1.8
99.23555555555555 Overall accuracy (%)
99.08266666666667 Kappa accuracy (%)
99.23555555555555 Average accuracy (%)

              precision    recall  f1-score   support

           0       0.97      1.00      0.99     15000
           1       1.00      1.00      1.00     15000
           2       0.99      1.00      0.99     15000
           3       1.00      1.00      1.00     15000
           4       1.00      1.00      1.00     15000
           5       1.00      0.96      0.98     15000

    accuracy                           0.99     90000
   macro avg       0.99      0.99      0.99     90000
weighted avg       0.99      0.99      0.99     90000

[[14988     0     0    10     0     2]
 [    0 15000     0     0     0     0]
 [    0    18 14971     0     0    11]
 [   20     0     0 14979     0     1]
 [    0     0     0     0 15000     0]
 [  416     0   200    10     0 14374]]