Dataset : SA
N times : 15
TAU : 1.8
95.96222222222222 Overall accuracy (%)
95.15466666666667 Kappa accuracy (%)
95.96222222222222 Average accuracy (%)

              precision    recall  f1-score   support

           0       1.00      1.00      1.00     15000
           1       1.00      1.00      1.00     15000
           2       1.00      0.90      0.95     15000
           3       0.82      0.98      0.90     15000
           4       0.99      1.00      1.00     15000
           5       0.98      0.88      0.93     15000

    accuracy                           0.96     90000
   macro avg       0.97      0.96      0.96     90000
weighted avg       0.97      0.96      0.96     90000

[[15000     0     0     0     0     0]
 [    0 15000     0     0     0     0]
 [   46    10 13478  1453     0    13]
 [    0     8    13 14748     0   231]
 [    0     0     0     0 15000     0]
 [    3     0    32  1743    82 13140]]