Dataset : IP
Window Size : 11
N times : 25
TAU : 1.8
89.42222222222223 Overall accuracy (%)
87.30666666666667 Kappa accuracy (%)
89.42222222222223 Average accuracy (%)

              precision    recall  f1-score   support

           0       0.99      1.00      1.00     15000
           1       0.72      0.71      0.71     15000
           2       0.71      0.72      0.72     15000
           3       0.96      0.98      0.97     15000
           4       0.98      0.96      0.97     15000
           5       0.99      0.99      0.99     15000

    accuracy                           0.89     90000
   macro avg       0.89      0.89      0.89     90000
weighted avg       0.89      0.89      0.89     90000

[[15000     0     0     0     0     0]
 [   97 10577  4326     0     0     0]
 [    0  4185 10815     0     0     0]
 [    0     0     0 14735   259     6]
 [    0     0     0   461 14458    81]
 [    0     0     0   104     1 14895]]