Dataset : IP
Window Size : 11
N times : 25
TAU : 1.8
85.82111111111111 Overall accuracy (%)
82.98533333333333 Kappa accuracy (%)
85.82111111111111 Average accuracy (%)

              precision    recall  f1-score   support

           0       0.99      1.00      1.00     15000
           1       0.65      0.61      0.63     15000
           2       0.63      0.67      0.65     15000
           3       0.96      0.97      0.97     15000
           4       0.97      0.90      0.93     15000
           5       0.94      1.00      0.97     15000

    accuracy                           0.86     90000
   macro avg       0.86      0.86      0.86     90000
weighted avg       0.86      0.86      0.86     90000

[[15000     0     0     0     0     0]
 [   57  9093  5850     0     0     0]
 [   44  4900 10056     0     0     0]
 [    0     0     0 14585   385    30]
 [    0     0     0   577 13505   918]
 [    0     0     0     0     0 15000]]