Dataset : SA
N times : 25
TAU : 1
95.32111111111111 Overall accuracy (%)
94.38533333333334 Kappa accuracy (%)
95.32111111111111 Average accuracy (%)

              precision    recall  f1-score   support

           0       1.00      1.00      1.00     15000
           1       0.99      1.00      1.00     15000
           2       1.00      0.99      1.00     15000
           3       0.80      1.00      0.89     15000
           4       0.99      1.00      0.99     15000
           5       1.00      0.73      0.84     15000

    accuracy                           0.95     90000
   macro avg       0.96      0.95      0.95     90000
weighted avg       0.96      0.95      0.95     90000

[[15000     0     0     0     0     0]
 [    0 15000     0     0     0     0]
 [    0     2 14880   116     0     2]
 [    0     0     0 14979     0    21]
 [    0     0     0     0 15000     0]
 [    0   146    20  3728   176 10930]]