Dataset : SA
N times : 25
TAU : 1
90.3111111111111 Overall accuracy (%)
88.37333333333333 Kappa accuracy (%)
90.3111111111111 Average accuracy (%)

              precision    recall  f1-score   support

           0       1.00      1.00      1.00     15000
           1       1.00      1.00      1.00     15000
           2       0.99      0.99      0.99     15000
           3       0.67      0.89      0.76     15000
           4       0.99      1.00      0.99     15000
           5       0.82      0.54      0.65     15000

    accuracy                           0.90     90000
   macro avg       0.91      0.90      0.90     90000
weighted avg       0.91      0.90      0.90     90000

[[15000     0     0     0     0     0]
 [    0 15000     0     0     0     0]
 [    3    18 14828    18     3   130]
 [    0     0     0 13281    12  1707]
 [    0     0     0     2 14998     0]
 [    0     0    99  6516   212  8173]]