Dataset : SA
N times : 25
TAU : 1
90.84555555555556 Overall accuracy (%)
89.01466666666667 Kappa accuracy (%)
90.84555555555556 Average accuracy (%)

              precision    recall  f1-score   support

           0       0.74      0.98      0.84     15000
           1       0.99      1.00      1.00     15000
           2       0.97      0.64      0.77     15000
           3       0.86      0.99      0.92     15000
           4       0.99      1.00      1.00     15000
           5       0.99      0.84      0.91     15000

    accuracy                           0.91     90000
   macro avg       0.92      0.91      0.91     90000
weighted avg       0.92      0.91      0.91     90000

[[14684     0   315     1     0     0]
 [    0 15000     0     0     0     0]
 [ 5091    12  9549   317     1    30]
 [    0     0     0 14868     0   132]
 [    0     0     0     1 14999     0]
 [   26   112    15  2111    75 12661]]