Dataset : SA
N times : 25
TAU : 1
98.03 Overall accuracy (%)
97.636 Kappa accuracy (%)
98.03 Average accuracy (%)

              precision    recall  f1-score   support

           0       0.97      1.00      0.98     15000
           1       1.00      1.00      1.00     15000
           2       0.94      0.99      0.96     15000
           3       0.98      1.00      0.99     15000
           4       1.00      1.00      1.00     15000
           5       1.00      0.89      0.94     15000

    accuracy                           0.98     90000
   macro avg       0.98      0.98      0.98     90000
weighted avg       0.98      0.98      0.98     90000

[[14957    12     7     0     0    24]
 [    0 14997     0     3     0     0]
 [  100     0 14878    21     0     1]
 [    0    17     0 14983     0     0]
 [    0     0     0     0 15000     0]
 [  321     0   983   253    31 13412]]