Dataset : SA
N times : 25
TAU : 1
92.95 Overall accuracy (%)
91.53999999999999 Kappa accuracy (%)
92.95 Average accuracy (%)

              precision    recall  f1-score   support

           0       0.89      1.00      0.94     15000
           1       0.94      1.00      0.97     15000
           2       0.92      0.88      0.90     15000
           3       0.97      1.00      0.99     15000
           4       0.92      1.00      0.96     15000
           5       0.95      0.70      0.81     15000

    accuracy                           0.93     90000
   macro avg       0.93      0.93      0.93     90000
weighted avg       0.93      0.93      0.93     90000

[[14960     0    21    11     0     8]
 [    3 14996     1     0     0     0]
 [  930   318 13159     0     0   593]
 [    0     0     0 15000     0     0]
 [    0     0     0     0 15000     0]
 [  890   711  1045   425  1389 10540]]