Dataset : SA
N times : 25
TAU : 1
97.58888888888889 Overall accuracy (%)
97.10666666666667 Kappa accuracy (%)
97.58888888888889 Average accuracy (%)

              precision    recall  f1-score   support

           0       1.00      1.00      1.00     15000
           1       0.99      1.00      0.99     15000
           2       1.00      0.99      0.99     15000
           3       0.89      1.00      0.94     15000
           4       1.00      1.00      1.00     15000
           5       0.99      0.87      0.93     15000

    accuracy                           0.98     90000
   macro avg       0.98      0.98      0.98     90000
weighted avg       0.98      0.98      0.98     90000

[[15000     0     0     0     0     0]
 [    0 15000     0     0     0     0]
 [   38   163 14799     0     0     0]
 [    0     0     0 14933     0    67]
 [    0     0     0     0 15000     0]
 [    0     0     0  1842    60 13098]]