Dataset : IP
N times : 25
TAU : 1.8
81.2762220704459 Overall accuracy (%)
78.84360118262144 Kappa accuracy (%)
85.07781676466033 Average accuracy (%)

              precision    recall  f1-score   support

           1       0.26      0.91      0.41        46
           2       0.65      0.75      0.70      1428
           3       0.86      0.74      0.80       830
           4       0.32      0.59      0.41       237
           5       0.96      0.94      0.95       483
           6       0.98      0.98      0.98       730
           7       0.44      1.00      0.61        28
           8       0.99      0.81      0.89       478
           9       0.34      1.00      0.51        20
          10       0.88      0.87      0.88       972
          11       0.88      0.74      0.80      2455
          12       0.81      0.81      0.81       593
          13       0.69      0.86      0.77       205
          14       0.95      0.94      0.95      1265
          15       0.78      0.68      0.73       386
          16       0.67      0.99      0.80        93

    accuracy                           0.81     10249
   macro avg       0.72      0.85      0.75     10249
weighted avg       0.84      0.81      0.82     10249

[[  42    0    0    0    0    0    0    2    0    0    0    2    0    0
     0    0]
 [   4 1068   17  142    0    0    0    0    0    1  181   14    1    0
     0    0]
 [   0   22  617  157    0    0    0    0   30    0    4    0    0    0
     0    0]
 [   0   58   37  139    0    0    0    0    0    0    3    0    0    0
     0    0]
 [   0    0    2    1  452    0   16    0    4    0    0    8    0    0
     0    0]
 [   0    2    3    1    0  718    2    0    0    0    3    0    0    0
     1    0]
 [   0    0    0    0    0    0   28    0    0    0    0    0    0    0
     0    0]
 [  90    0    0    0    0    0    0  388    0    0    0    0    0    0
     0    0]
 [   0    0    0    0    0    0    0    0   20    0    0    0    0    0
     0    0]
 [   0    7    0    0   14    0    6    0    0  845   34   66    0    0
     0    0]
 [   0  460   30    0    6   13    4    0    0   74 1808   20    4    5
     0   31]
 [  25   19    3    0    0    0    8    0    0   36   12  478    0    0
     0   12]
 [   0    0    7    0    0    0    0    0    3    0    0    0  177    2
    16    0]
 [   0    0    1    0    1    0    0    0    1    0    0    3    6 1195
    56    2]
 [   0    0    0    0    0    0    0    0    0    0    0    0   69   53
   263    1]
 [   0    0    0    0    0    0    0    0    0    0    0    1    0    0
     0   92]]