Dataset : IP
N times : 25
TAU : 1.8
99.64222222222222 Overall accuracy (%)
99.57066666666667 Kappa accuracy (%)
99.64222222222222 Average accuracy (%)

              precision    recall  f1-score   support

           0       1.00      0.99      0.99     15000
           1       1.00      1.00      1.00     15000
           2       0.99      1.00      1.00     15000
           3       0.99      1.00      1.00     15000
           4       1.00      0.99      1.00     15000
           5       1.00      1.00      1.00     15000

    accuracy                           1.00     90000
   macro avg       1.00      1.00      1.00     90000
weighted avg       1.00      1.00      1.00     90000

[[14879     0   121     0     0     0]
 [   57 14943     0     0     0     0]
 [    0     0 15000     0     0     0]
 [    0     0     0 15000     0     0]
 [    0     0     0   143 14856     1]
 [    0     0     0     0     0 15000]]