Dataset : IP
N times : 25
TAU : 1.8
90.18440823494976 Overall accuracy (%)
88.86913834374151 Kappa accuracy (%)
91.05891806964435 Average accuracy (%)

              precision    recall  f1-score   support

           1       0.34      0.91      0.50        46
           2       0.87      0.74      0.80      1428
           3       0.90      0.90      0.90       830
           4       0.42      0.80      0.55       237
           5       0.99      0.90      0.94       483
           6       0.99      1.00      1.00       730
           7       0.39      1.00      0.57        28
           8       0.99      0.86      0.92       478
           9       0.77      1.00      0.87        20
          10       0.91      0.96      0.94       972
          11       0.96      0.92      0.94      2455
          12       0.85      0.85      0.85       593
          13       0.92      0.81      0.86       205
          14       1.00      1.00      1.00      1265
          15       0.96      0.96      0.96       386
          16       0.61      0.97      0.75        93

    accuracy                           0.90     10249
   macro avg       0.80      0.91      0.83     10249
weighted avg       0.92      0.90      0.91     10249

[[  42    0    0    0    0    0    0    3    0    0    0    1    0    0
     0    0]
 [   2 1056   14  193    0    0    0    0    0   57   81   25    0    0
     0    0]
 [   0    7  745   65    0    0    0    0    3    0    0   10    0    0
     0    0]
 [   0   34    5  189    0    0    0    0    0    0    0    9    0    0
     0    0]
 [   0    0    0    0  433    0   43    0    0    0    0    7    0    0
     0    0]
 [   0    0    0    0    0  729    0    0    0    0    0    0    0    0
     1    0]
 [   0    0    0    0    0    0   28    0    0    0    0    0    0    0
     0    0]
 [  67    0    0    0    0    0    0  411    0    0    0    0    0    0
     0    0]
 [   0    0    0    0    0    0    0    0   20    0    0    0    0    0
     0    0]
 [   0    0    0    0    1    0    0    0    0  931   10   30    0    0
     0    0]
 [   0  106   43    1    3    3    0    0    1   28 2264    6    0    0
     0    0]
 [  12   15    4    0    0    0    0    0    1    0    0  503    0    0
     0   58]
 [   0    0   20    0    0    3    0    0    1    0    0    0  166    0
    15    0]
 [   0    0    0    0    0    0    0    0    0    0    0    0    0 1265
     0    0]
 [   0    0    0    0    0    0    0    0    0    0    0    1   14    0
   371    0]
 [   0    0    0    0    0    0    0    0    0    3    0    0    0    0
     0   90]]