Dataset : BW
N times : 15
TAU : 1.8
97.59866666666667 Overall accuracy (%)
96.99833333333333 Kappa accuracy (%)
97.59866666666667 Average accuracy (%)

              precision    recall  f1-score   support

           0       0.96      0.95      0.95     15000
           1       0.98      1.00      0.99     15000
           2       0.96      1.00      0.98     15000
           3       0.98      0.93      0.96     15000
           4       1.00      1.00      1.00     15000

    accuracy                           0.98     75000
   macro avg       0.98      0.98      0.98     75000
weighted avg       0.98      0.98      0.98     75000

[[14182   231   329   258     0]
 [    0 15000     0     0     0]
 [    6     0 14994     0     0]
 [  558   104   314 14023     1]
 [    0     0     0     0 15000]]