Dataset : BW
N times : 15
TAU : 1.8
93.01733333333333 Overall accuracy (%)
91.27166666666666 Kappa accuracy (%)
93.01733333333333 Average accuracy (%)

              precision    recall  f1-score   support

           0       0.87      0.87      0.87     15000
           1       0.99      1.00      1.00     15000
           2       0.86      0.82      0.84     15000
           3       0.98      0.98      0.98     15000
           4       0.94      0.99      0.96     15000

    accuracy                           0.93     75000
   macro avg       0.93      0.93      0.93     75000
weighted avg       0.93      0.93      0.93     75000

[[12990    63  1946     1     0]
 [    1 14995     0     4     0]
 [ 1884    10 12291    22   793]
 [    0    35    70 14697   198]
 [    0     0     1   209 14790]]