Dataset : BW
N times : 15
TAU : 1.8
97.00533333333333 Overall accuracy (%)
96.25666666666667 Kappa accuracy (%)
97.00533333333333 Average accuracy (%)

              precision    recall  f1-score   support

           0       0.90      0.97      0.93     15000
           1       0.98      1.00      0.99     15000
           2       0.98      0.90      0.94     15000
           3       0.99      0.98      0.99     15000
           4       1.00      1.00      1.00     15000

    accuracy                           0.97     75000
   macro avg       0.97      0.97      0.97     75000
weighted avg       0.97      0.97      0.97     75000

[[14582   211   201     6     0]
 [   28 14928    44     0     0]
 [ 1388    56 13484    72     0]
 [  228     0     7 14760     5]
 [    0     0     0     0 15000]]