Dataset : IP
N times : 25
TAU : 1.8
98.07333333333334 Overall accuracy (%)
97.688 Kappa accuracy (%)
98.07333333333332 Average accuracy (%)

              precision    recall  f1-score   support

           0       0.96      0.97      0.96     15000
           1       0.98      0.95      0.96     15000
           2       0.98      1.00      0.99     15000
           3       0.99      1.00      1.00     15000
           4       1.00      0.97      0.99     15000
           5       0.98      1.00      0.99     15000

    accuracy                           0.98     90000
   macro avg       0.98      0.98      0.98     90000
weighted avg       0.98      0.98      0.98     90000

[[14508   348   144     0     0     0]
 [  672 14235    93     0     0     0]
 [    0     0 15000     0     0     0]
 [    0     0     0 15000     0     0]
 [    0     0     0    37 14595   368]
 [    0     0     0    41    31 14928]]