Dataset : IP
N times : 25
TAU : 1.8
73.62669528734511 Overall accuracy (%)
70.11348904017663 Kappa accuracy (%)
86.29171674393544 Average accuracy (%)

              precision    recall  f1-score   support

           1       0.51      1.00      0.68        46
           2       0.66      0.30      0.41      1428
           3       0.79      0.97      0.87       830
           4       0.65      0.97      0.78       237
           5       0.67      0.86      0.75       483
           6       0.99      0.88      0.93       730
           7       0.31      1.00      0.48        28
           8       1.00      0.99      0.99       478
           9       0.34      1.00      0.51        20
          10       0.40      0.40      0.40       972
          11       0.71      0.79      0.75      2455
          12       0.77      0.97      0.86       593
          13       0.99      1.00      1.00       205
          14       0.98      0.69      0.81      1265
          15       0.64      0.98      0.77       386
          16       0.97      1.00      0.98        93

    accuracy                           0.74     10249
   macro avg       0.71      0.86      0.75     10249
weighted avg       0.75      0.74      0.72     10249

[[  46    0    0    0    0    0    0    0    0    0    0    0    0    0
     0    0]
 [   0  431  140  116    1    5    0    1    4  203  411  116    0    0
     0    0]
 [   0    0  808    3    0    0    0    0   19    0    0    0    0    0
     0    0]
 [   0    0    0  229    0    2    0    0    6    0    0    0    0    0
     0    0]
 [   0    0    2    0  416    0   54    0   10    0    0    0    0    1
     0    0]
 [  44   21    0    5    2  643    0    0    0    0    2    0    2    0
    11    0]
 [   0    0    0    0    0    0   28    0    0    0    0    0    0    0
     0    0]
 [   0    0    0    0    0    0    6  472    0    0    0    0    0    0
     0    0]
 [   0    0    0    0    0    0    0    0   20    0    0    0    0    0
     0    0]
 [   0   78   52    0   19    0    0    0    0  392  367   52    0   10
     2    0]
 [   0  119   20    0    0    0    0    0    0  382 1933    1    0    0
     0    0]
 [   0    8    5    0    0    0    1    0    0    0    0  576    0    1
     0    2]
 [   0    0    0    0    0    0    0    0    0    0    0    0  205    0
     0    0]
 [   0    0    0    0  186    0    0    0    0    0    0    0    0  875
   203    1]
 [   0    0    0    0    0    0    0    0    0    0    0    0    0    7
   379    0]
 [   0    0    0    0    0    0    0    0    0    0    0    0    0    0
     0   93]]