Dataset : IP
N times : 25
TAU : 1.8
96.85000000000001 Overall accuracy (%)
96.22 Kappa accuracy (%)
96.85000000000001 Average accuracy (%)

              precision    recall  f1-score   support

           0       0.95      1.00      0.97     15000
           1       1.00      0.93      0.96     15000
           2       0.97      1.00      0.99     15000
           3       0.94      1.00      0.97     15000
           4       0.99      0.96      0.98     15000
           5       0.96      0.93      0.95     15000

    accuracy                           0.97     90000
   macro avg       0.97      0.97      0.97     90000
weighted avg       0.97      0.97      0.97     90000

[[14927    38    35     0     0     0]
 [  727 13895   378     0     0     0]
 [    0     0 15000     0     0     0]
 [    0     0     0 14995     0     5]
 [    0     0     0    71 14397   532]
 [    0     0     0   947   102 13951]]