Dataset : IP
N times : 25
TAU : 1.8
76.07571470387356 Overall accuracy (%)
72.86179412479402 Kappa accuracy (%)
87.41115390982971 Average accuracy (%)

              precision    recall  f1-score   support

           1       0.90      1.00      0.95        46
           2       0.73      0.31      0.43      1428
           3       0.80      1.00      0.89       830
           4       0.59      1.00      0.74       237
           5       0.67      0.98      0.79       483
           6       0.99      0.82      0.90       730
           7       0.85      1.00      0.92        28
           8       1.00      1.00      1.00       478
           9       0.20      0.95      0.33        20
          10       0.48      0.44      0.46       972
          11       0.76      0.89      0.82      2455
          12       0.82      1.00      0.90       593
          13       0.96      1.00      0.98       205
          14       0.96      0.60      0.74      1265
          15       0.57      0.99      0.73       386
          16       0.99      1.00      0.99        93

    accuracy                           0.76     10249
   macro avg       0.77      0.87      0.79     10249
weighted avg       0.78      0.76      0.75     10249

[[  46    0    0    0    0    0    0    0    0    0    0    0    0    0
     0    0]
 [   0  441  161  165    0    0    0    0    1  249  346   65    0    0
     0    0]
 [   0    0  828    0    0    0    0    0    2    0    0    0    0    0
     0    0]
 [   0    0    0  237    0    0    0    0    0    0    0    0    0    0
     0    0]
 [   0    0    0    0  475    0    1    0    2    0    0    0    0    5
     0    0]
 [   5    6    5    0   26  602    0    0   38   10    9    0    8    0
    21    0]
 [   0    0    0    0    0    0   28    0    0    0    0    0    0    0
     0    0]
 [   0    0    0    0    0    0    1  477    0    0    0    0    0    0
     0    0]
 [   0    0    0    0    1    0    0    0   19    0    0    0    0    0
     0    0]
 [   0   81   38    0    7    3    0    0    0  431  318   65    0   20
     9    0]
 [   0   71    0    0    0    0    0    0    0  208 2176    0    0    0
     0    0]
 [   0    0    0    0    0    0    0    0    0    0    0  591    0    1
     0    1]
 [   0    0    0    0    0    0    0    0    0    0    0    0  205    0
     0    0]
 [   0    1    0    0  205    2    3    0   32    0    0    0    0  765
   257    0]
 [   0    0    0    0    0    0    0    0    0    0    0    0    0    3
   383    0]
 [   0    0    0    0    0    0    0    0    0    0    0    0    0    0
     0   93]]