Dataset : IP
N times : 25
TAU : 1.8
94.91666666666667 Overall accuracy (%)
93.9 Kappa accuracy (%)
94.91666666666667 Average accuracy (%)

              precision    recall  f1-score   support

           0       0.96      0.92      0.94     15000
           1       0.92      0.95      0.94     15000
           2       1.00      1.00      1.00     15000
           3       0.88      1.00      0.93     15000
           4       0.99      0.97      0.98     15000
           5       0.97      0.85      0.91     15000

    accuracy                           0.95     90000
   macro avg       0.95      0.95      0.95     90000
weighted avg       0.95      0.95      0.95     90000

[[13743  1257     0     0     0     0]
 [  646 14318    36     0     0     0]
 [    0     0 15000     0     0     0]
 [    0     0     0 15000     0     0]
 [    0     0     0    22 14608   370]
 [    0     0     0  2068   176 12756]]