Dataset : IP
N times : 25
TAU : 1.8
66.54307737340228 Overall accuracy (%)
62.108526545719386 Kappa accuracy (%)
81.29677353460639 Average accuracy (%)

              precision    recall  f1-score   support

           1       0.96      1.00      0.98        46
           2       0.58      0.23      0.33      1428
           3       0.82      0.98      0.89       830
           4       0.60      1.00      0.75       237
           5       0.59      0.72      0.65       483
           6       0.80      0.74      0.77       730
           7       0.43      1.00      0.60        28
           8       1.00      1.00      1.00       478
           9       0.14      1.00      0.25        20
          10       0.45      0.31      0.37       972
          11       0.69      0.83      0.75      2455
          12       0.64      0.95      0.76       593
          13       0.70      1.00      0.82       205
          14       0.76      0.34      0.47      1265
          15       0.42      0.93      0.58       386
          16       0.92      1.00      0.96        93

    accuracy                           0.67     10249
   macro avg       0.66      0.81      0.68     10249
weighted avg       0.68      0.67      0.64     10249

[[  46    0    0    0    0    0    0    0    0    0    0    0    0    0
     0    0]
 [   0  324   97  148    0   10    0    0    1  159  576   65    0   26
    15    7]
 [   0   10  812    2    0    0    0    0    4    1    0    0    1    0
     0    0]
 [   0    0    0  236    0    0    0    0    0    0    0    1    0    0
     0    0]
 [   1    0    0    2  347    0   32    0   91    1    0    0    0    9
     0    0]
 [   0    0    0    3   53  538    0    0    2    0   68    0    0   50
    16    0]
 [   0    0    0    0    0    0   28    0    0    0    0    0    0    0
     0    0]
 [   0    0    0    0    0    0    1  477    0    0    0    0    0    0
     0    0]
 [   0    0    0    0    0    0    0    0   20    0    0    0    0    0
     0    0]
 [   0   76   18    0    2   27    0    0    0  298  283  254    0   14
     0    0]
 [   0  143    7    0    0   68    0    0    0  183 2045    0    0    8
     1    0]
 [   1    3    5    0    0    0    0    0    0   13    0  564    0    6
     0    1]
 [   0    0    0    0    1    0    0    0    0    0    0    0  204    0
     0    0]
 [   0    1   53    0  183   28    4    0   21    0    0    0   85  430
   460    0]
 [   0    0    0    0    0    0    0    0    0    0    0    0    2   26
   358    0]
 [   0    0    0    0    0    0    0    0    0    0    0    0    0    0
     0   93]]