Dataset : IP
N times : 25
TAU : 1.8
94.04555555555557 Overall accuracy (%)
92.85466666666666 Kappa accuracy (%)
94.04555555555555 Average accuracy (%)

              precision    recall  f1-score   support

           0       0.96      0.95      0.96     15000
           1       0.95      0.93      0.94     15000
           2       0.97      1.00      0.98     15000
           3       0.85      1.00      0.92     15000
           4       0.99      0.96      0.97     15000
           5       0.95      0.81      0.87     15000

    accuracy                           0.94     90000
   macro avg       0.94      0.94      0.94     90000
weighted avg       0.94      0.94      0.94     90000

[[14318   664    18     0     0     0]
 [  625 13877   498     0     0     0]
 [    0    10 14990     0     0     0]
 [    0     0     0 14974     0    26]
 [    0     0     0    26 14375   599]
 [    0     0     0  2681   212 12107]]