Dataset : IP
N times : 25
TAU : 1.8
70.72885159527759 Overall accuracy (%)
66.80673074042518 Kappa accuracy (%)
84.53596228548557 Average accuracy (%)

              precision    recall  f1-score   support

           1       1.00      1.00      1.00        46
           2       0.69      0.19      0.30      1428
           3       0.84      0.99      0.91       830
           4       0.59      1.00      0.75       237
           5       0.61      0.98      0.75       483
           6       0.80      0.76      0.78       730
           7       0.49      1.00      0.66        28
           8       1.00      1.00      1.00       478
           9       0.12      0.95      0.22        20
          10       0.53      0.44      0.48       972
          11       0.71      0.91      0.80      2455
          12       0.78      1.00      0.87       593
          13       0.98      1.00      0.99       205
          14       0.94      0.30      0.46      1265
          15       0.45      1.00      0.62       386
          16       0.99      1.00      0.99        93

    accuracy                           0.71     10249
   macro avg       0.72      0.85      0.72     10249
weighted avg       0.74      0.71      0.67     10249

[[  46    0    0    0    0    0    0    0    0    0    0    0    0    0
     0    0]
 [   0  270  134  162    0   15    0    0    6  200  550   91    0    0
     0    0]
 [   0    0  825    0    0    0    0    0    5    0    0    0    0    0
     0    0]
 [   0    0    0  237    0    0    0    0    0    0    0    0    0    0
     0    0]
 [   0    0    0    0  475    0    0    0    7    0    0    0    0    1
     0    0]
 [   0    4    0    0   61  556    0    0    9    8   43    0    0    4
    45    0]
 [   0    0    0    0    0    0   28    0    0    0    0    0    0    0
     0    0]
 [   0    0    0    0    0    0    0  478    0    0    0    0    0    0
     0    0]
 [   0    0    0    0    1    0    0    0   19    0    0    0    0    0
     0    0]
 [   0   83   22    0    2   17   12    0    0  430  308   78    0   20
     0    0]
 [   0   33    0    0    0   17    0    0    0  177 2228    0    0    0
     0    0]
 [   0    0    0    0    0    0    0    0    0    0    0  592    0    0
     0    1]
 [   0    0    0    0    0    0    0    0    0    0    0    0  205    0
     0    0]
 [   0    2    0    0  239   94   17    0  106    1    0    0    4  382
   420    0]
 [   0    0    0    0    0    0    0    0    0    0    0    0    0    1
   385    0]
 [   0    0    0    0    0    0    0    0    0    0    0    0    0    0
     0   93]]