Dataset : IP
N times : 25
TAU : 1.8
99.44333333333333 Overall accuracy (%)
99.332 Kappa accuracy (%)
99.44333333333333 Average accuracy (%)

              precision    recall  f1-score   support

           0       1.00      0.99      0.99     15000
           1       1.00      1.00      1.00     15000
           2       0.99      1.00      0.99     15000
           3       0.98      1.00      0.99     15000
           4       1.00      0.98      0.99     15000
           5       1.00      1.00      1.00     15000

    accuracy                           0.99     90000
   macro avg       0.99      0.99      0.99     90000
weighted avg       0.99      0.99      0.99     90000

[[14829     0   171     0     0     0]
 [    0 15000     0     0     0     0]
 [    0     0 15000     0     0     0]
 [    0     0     0 15000     0     0]
 [    0     0     0   330 14670     0]
 [    0     0     0     0     0 15000]]