Dataset : IP
N times : 25
TAU : 1.8
88.57449507269001 Overall accuracy (%)
87.06129923968506 Kappa accuracy (%)
90.23729796402553 Average accuracy (%)

              precision    recall  f1-score   support

           1       0.41      0.93      0.57        46
           2       0.86      0.81      0.84      1428
           3       0.87      0.82      0.85       830
           4       0.35      0.81      0.49       237
           5       0.95      0.89      0.92       483
           6       0.98      0.99      0.98       730
           7       0.62      1.00      0.77        28
           8       1.00      0.87      0.93       478
           9       0.48      1.00      0.65        20
          10       0.96      0.93      0.94       972
          11       0.94      0.88      0.91      2455
          12       0.94      0.74      0.83       593
          13       0.81      0.81      0.81       205
          14       1.00      0.97      0.98      1265
          15       0.95      0.99      0.97       386
          16       0.42      0.98      0.59        93

    accuracy                           0.89     10249
   macro avg       0.78      0.90      0.81     10249
weighted avg       0.91      0.89      0.89     10249

[[  43    0    0    0    0    0    2    0    0    0    0    1    0    0
     0    0]
 [   0 1158   18  185    5    0    0    0    0    0   48    2    7    1
     0    4]
 [   0   11  682  114    5    0    0    0    1    0   16    0    1    0
     0    0]
 [   0   19   19  192    0    0    0    0    0    0    0    7    0    0
     0    0]
 [   0   10    6   12  431    0    6    0   16    0    1    0    0    1
     0    0]
 [   0    0    0    0    0  724    5    0    0    0    1    0    0    0
     0    0]
 [   0    0    0    0    0    0   28    0    0    0    0    0    0    0
     0    0]
 [  61    0    0    0    0    0    0  417    0    0    0    0    0    0
     0    0]
 [   0    0    0    0    0    0    0    0   20    0    0    0    0    0
     0    0]
 [   0    3    0    0    2    1    1    0    0  906   56    3    0    0
     0    0]
 [   0  120   41   27    8   16    2    0    1   40 2170   11   18    0
     1    0]
 [   0   22    0    0    2    0    1    0    0    0    7  439    0    0
     0  122]
 [   0    0   16    0    0    0    0    0    4    0    0    0  166    1
    18    0]
 [   0    1    2   20    0    0    0    0    0    0    0    0   11 1230
     1    0]
 [   0    0    0    0    0    0    0    0    0    0    0    3    1    0
   381    1]
 [   0    1    0    0    0    0    0    0    0    0    0    1    0    0
     0   91]]