Dataset : IP
N times : 25
TAU : 1.8
90.58444726314762 Overall accuracy (%)
89.27045433738388 Kappa accuracy (%)
87.70301584657432 Average accuracy (%)

              precision    recall  f1-score   support

           1       0.32      0.59      0.42        46
           2       0.90      0.92      0.91      1428
           3       0.95      0.88      0.91       830
           4       0.67      0.70      0.68       237
           5       0.98      0.90      0.94       483
           6       0.99      0.99      0.99       730
           7       0.35      1.00      0.51        28
           8       0.96      0.88      0.92       478
           9       0.59      1.00      0.74        20
          10       0.92      0.84      0.88       972
          11       0.92      0.93      0.93      2455
          12       0.87      0.88      0.88       593
          13       0.60      0.84      0.70       205
          14       0.99      0.99      0.99      1265
          15       0.95      0.74      0.83       386
          16       0.65      0.97      0.78        93

    accuracy                           0.91     10249
   macro avg       0.79      0.88      0.81     10249
weighted avg       0.92      0.91      0.91     10249

[[  27    0    0    0    0    2    0   17    0    0    0    0    0    0
     0    0]
 [   0 1314    9   15    0    0    0    1    0    1   76   12    0    0
     0    0]
 [   0    0  727   67    1    0    0    0    8    0   12   15    0    0
     0    0]
 [   0   38   27  165    0    0    0    0    0    0    0    7    0    0
     0    0]
 [   0    0    0    0  435    0   42    0    6    0    0    0    0    0
     0    0]
 [   0    0    0    0    0  721    9    0    0    0    0    0    0    0
     0    0]
 [   0    0    0    0    0    0   28    0    0    0    0    0    0    0
     0    0]
 [  57    0    0    0    0    0    0  421    0    0    0    0    0    0
     0    0]
 [   0    0    0    0    0    0    0    0   20    0    0    0    0    0
     0    0]
 [   0    3    0    0    0    0    0    0    0  814  111   43    0    0
     0    1]
 [   0   84    2    0    3    4    1    0    0   65 2295    0    1    0
     0    0]
 [   0   19    0    0    0    0    0    0    0    2    0  524    0    0
     0   48]
 [   0    0    1    0    1    0    0    0    0    0    1    0  172   14
    16    0]
 [   0    2    0    0    2    0    0    0    0    0    0    0   14 1247
     0    0]
 [   0    0    0    0    1    0    1    0    0    0    0    0  100    0
   284    0]
 [   0    0    0    0    0    0    0    0    0    0    0    3    0    0
     0   90]]