Dataset : IP
N times : 25
TAU : 1.8
90.87715874719485 Overall accuracy (%)
89.64829972984273 Kappa accuracy (%)
88.16372229344924 Average accuracy (%)

              precision    recall  f1-score   support

           1       0.47      0.70      0.56        46
           2       0.92      0.80      0.86      1428
           3       0.95      0.82      0.88       830
           4       0.45      0.76      0.57       237
           5       0.98      0.86      0.91       483
           6       0.99      1.00      1.00       730
           7       0.27      0.89      0.41        28
           8       0.98      0.93      0.95       478
           9       0.24      1.00      0.39        20
          10       0.96      0.93      0.95       972
          11       0.97      0.95      0.96      2455
          12       0.85      0.94      0.89       593
          13       0.83      0.59      0.69       205
          14       1.00      1.00      1.00      1265
          15       0.84      0.95      0.89       386
          16       0.50      1.00      0.66        93

    accuracy                           0.91     10249
   macro avg       0.76      0.88      0.79     10249
weighted avg       0.93      0.91      0.92     10249

[[  32    0    0    0    1    0    1   11    0    0    0    1    0    0
     0    0]
 [   0 1146    8  139    0    0    0    0    1   16   38   30    0    0
     0   50]
 [   0    0  679   73    0    0    0    0   55    0    0   20    3    0
     0    0]
 [   0   41    6  179    0    0    0    0    0    0    0   11    0    0
     0    0]
 [   4    0    0    0  413    0   66    0    0    0    0    0    0    0
     0    0]
 [   0    0    0    0    0  727    0    0    2    0    0    0    1    0
     0    0]
 [   0    0    0    0    3    0   25    0    0    0    0    0    0    0
     0    0]
 [  31    0    0    0    0    0    1  446    0    0    0    0    0    0
     0    0]
 [   0    0    0    0    0    0    0    0   20    0    0    0    0    0
     0    0]
 [   1    0    0    0    0    0    0    0    1  908   29   18    0    0
     0   15]
 [   0   58    0    0    3    4    0    0    1   17 2342   19    0    1
     4    6]
 [   0    1    2    0    0    0    0    0    0    4    4  559    0    0
     0   23]
 [   0    0   18    3    0    0    0    0    3    0    0    0  120    0
    61    0]
 [   0    0    0    0    0    0    0    0    0    0    0    0    0 1260
     5    0]
 [   0    0    0    0    0    0    0    0    0    0    0    0   21    0
   365    0]
 [   0    0    0    0    0    0    0    0    0    0    0    0    0    0
     0   93]]