Dataset : IP
N times : 25
TAU : 1.8
98.25333333333333 Overall accuracy (%)
97.904 Kappa accuracy (%)
98.25333333333333 Average accuracy (%)

              precision    recall  f1-score   support

           0       1.00      0.96      0.98     15000
           1       1.00      1.00      1.00     15000
           2       0.96      1.00      0.98     15000
           3       0.94      1.00      0.97     15000
           4       1.00      0.93      0.97     15000
           5       1.00      1.00      1.00     15000

    accuracy                           0.98     90000
   macro avg       0.98      0.98      0.98     90000
weighted avg       0.98      0.98      0.98     90000

[[14444     0   556     0     0     0]
 [   12 14988     0     0     0     0]
 [    0     0 15000     0     0     0]
 [    0     0     0 15000     0     0]
 [    0     0     0  1003 13996     1]
 [    0     0     0     0     0 15000]]