Dataset : IP
N times : 25
TAU : 1.8
84.17406576251342 Overall accuracy (%)
82.11368341772747 Kappa accuracy (%)
89.82747982850279 Average accuracy (%)

              precision    recall  f1-score   support

           1       0.39      0.98      0.56        46
           2       0.84      0.74      0.79      1428
           3       0.76      0.85      0.80       830
           4       0.47      0.88      0.61       237
           5       0.97      0.84      0.90       483
           6       0.98      1.00      0.99       730
           7       0.25      1.00      0.40        28
           8       0.98      0.91      0.95       478
           9       0.59      1.00      0.74        20
          10       0.69      0.78      0.73       972
          11       0.88      0.78      0.83      2455
          12       0.90      0.77      0.83       593
          13       0.92      0.97      0.95       205
          14       1.00      0.96      0.98      1265
          15       0.97      0.91      0.94       386
          16       0.55      1.00      0.71        93

    accuracy                           0.84     10249
   macro avg       0.76      0.90      0.79     10249
weighted avg       0.87      0.84      0.85     10249

[[  45    0    0    0    0    0    0    1    0    0    0    0    0    0
     0    0]
 [  10 1063   96  132    0    0    0    0    0   36   63   28    0    0
     0    0]
 [   0    6  704   87    0    0    0    0    8    5   15    5    0    0
     0    0]
 [   0   25    2  209    0    0    0    0    0    0    1    0    0    0
     0    0]
 [   0    3    7    0  408    0   53    0    4    0    5    3    0    0
     0    0]
 [   0    0    0    0    0  728    1    0    0    0    0    0    0    0
     1    0]
 [   0    0    0    0    0    0   28    0    0    0    0    0    0    0
     0    0]
 [  43    0    0    0    0    0    0  435    0    0    0    0    0    0
     0    0]
 [   0    0    0    0    0    0    0    0   20    0    0    0    0    0
     0    0]
 [  15    9    0    0    0    0    1    0    0  761  181    5    0    0
     0    0]
 [   0  123   86    0    6   15    8    0    1  286 1919    6    4    0
     1    0]
 [   1   21   32    1    0    0    2    6    1   11    0  455    0    1
     1   61]
 [   0    0    3    0    0    0    0    0    0    0    0    0  199    0
     3    0]
 [   0    8    0   20    6    0    0    0    0    0    0    1    0 1209
     5   16]
 [   0    0    0    0    1    0   20    0    0    0    0    1   13    0
   351    0]
 [   0    0    0    0    0    0    0    0    0    0    0    0    0    0
     0   93]]