Dataset : IP
N times : 25
TAU : 1.8
97.66111111111111 Overall accuracy (%)
97.19333333333333 Kappa accuracy (%)
97.66111111111111 Average accuracy (%)

              precision    recall  f1-score   support

           0       0.96      0.95      0.96     15000
           1       1.00      0.99      0.99     15000
           2       0.95      0.96      0.95     15000
           3       0.96      1.00      0.98     15000
           4       1.00      0.96      0.98     15000
           5       1.00      1.00      1.00     15000

    accuracy                           0.98     90000
   macro avg       0.98      0.98      0.98     90000
weighted avg       0.98      0.98      0.98     90000

[[14322     1   677     0     0     0]
 [    0 14860   140     0     0     0]
 [  566    54 14380     0     0     0]
 [    0     0     0 14999     1     0]
 [    0     0     0   666 14334     0]
 [    0     0     0     0     0 15000]]