Dataset : IP
N times : 25
TAU : 1.8
94.93609132598301 Overall accuracy (%)
94.23934804077949 Kappa accuracy (%)
94.28002182608115 Average accuracy (%)

              precision    recall  f1-score   support

           1       0.39      0.93      0.55        46
           2       0.93      0.93      0.93      1428
           3       0.94      0.91      0.92       830
           4       0.61      0.70      0.65       237
           5       1.00      0.99      1.00       483
           6       1.00      1.00      1.00       730
           7       0.53      1.00      0.69        28
           8       1.00      0.86      0.92       478
           9       0.50      1.00      0.67        20
          10       0.96      0.98      0.97       972
          11       0.97      0.95      0.96      2455
          12       0.97      0.96      0.96       593
          13       0.98      0.99      0.99       205
          14       1.00      1.00      1.00      1265
          15       0.99      0.99      0.99       386
          16       0.82      0.90      0.86        93

    accuracy                           0.95     10249
   macro avg       0.85      0.94      0.88     10249
weighted avg       0.96      0.95      0.95     10249

[[  43    0    0    0    0    0    0    2    0    0    0    1    0    0
     0    0]
 [   0 1326    0   45    0    0    1    0    0    0   52    4    0    0
     0    0]
 [   0    0  752   60    0    0    0    0   16    0    1    0    1    0
     0    0]
 [   0   18   48  167    0    0    1    0    0    0    0    3    0    0
     0    0]
 [   0    0    0    0  479    0    2    0    2    0    0    0    0    0
     0    0]
 [   0    0    0    0    0  727    2    0    0    0    0    0    0    0
     1    0]
 [   0    0    0    0    0    0   28    0    0    0    0    0    0    0
     0    0]
 [  68    0    0    0    0    0    0  410    0    0    0    0    0    0
     0    0]
 [   0    0    0    0    0    0    0    0   20    0    0    0    0    0
     0    0]
 [   0    4    0    0    0    0    4    0    0  954    9    1    0    0
     0    0]
 [   0   75    0    3    0    0    5    0    0   43 2327    0    2    0
     0    0]
 [   0    0    0    0    0    0    5    0    0    0    0  569    0    0
     0   19]
 [   0    0    0    0    0    0    0    0    2    0    0    0  203    0
     0    0]
 [   0    0    0    0    0    0    1    0    0    0    0    0    0 1260
     4    0]
 [   0    0    0    0    0    0    4    0    0    0    0    0    1    0
   381    0]
 [   0    0    0    0    0    0    0    0    0    0    0    9    0    0
     0   84]]