Dataset : IP
N times : 25
TAU : 1.8
85.97911991413797 Overall accuracy (%)
84.13659910130667 Kappa accuracy (%)
85.82366795391441 Average accuracy (%)

              precision    recall  f1-score   support

           1       0.23      0.89      0.36        46
           2       0.79      0.77      0.78      1428
           3       0.87      0.86      0.87       830
           4       0.37      0.60      0.45       237
           5       0.99      0.89      0.94       483
           6       0.95      0.99      0.97       730
           7       0.41      0.82      0.55        28
           8       0.99      0.84      0.91       478
           9       0.56      1.00      0.71        20
          10       0.84      0.88      0.86       972
          11       0.95      0.84      0.89      2455
          12       0.81      0.81      0.81       593
          13       0.73      0.71      0.72       205
          14       1.00      0.99      1.00      1265
          15       0.86      0.87      0.86       386
          16       0.62      0.97      0.76        93

    accuracy                           0.86     10249
   macro avg       0.75      0.86      0.78     10249
weighted avg       0.88      0.86      0.87     10249

[[  41    0    0    0    0    0    0    3    0    0    0    2    0    0
     0    0]
 [   2 1094   61  137    0    0    0    0    1   48   48   25    1    0
     0   11]
 [   0    4  716   83    0    0    0    0    3    0    6   18    0    0
     0    0]
 [   0   72    3  142    0    0    0    0    0    0    9   11    0    0
     0    0]
 [   0    0    0   18  430    0   33    0    1    0    0    0    0    0
     1    0]
 [   0    0    0    0    0  723    0    0    3    0    0    0    0    0
     4    0]
 [   0    0    0    0    5    0   23    0    0    0    0    0    0    0
     0    0]
 [  78    0    0    0    0    0    0  400    0    0    0    0    0    0
     0    0]
 [   0    0    0    0    0    0    0    0   20    0    0    0    0    0
     0    0]
 [   0    2    0    0    0    8    0    0    0  855   50   49    0    1
     0    7]
 [   0  215   21    9    1   30    0    0    2  108 2059    2    3    1
     4    0]
 [  57    6    2    0    0    0    0    0    1    7    0  482    2    0
     0   36]
 [   0    0   18    0    0    0    0    0    4    0    0    0  146    0
    37    0]
 [   0    0    0    0    0    0    0    0    0    0    0    0    1 1255
     9    0]
 [   1    0    0    0    0    0    0    0    1    0    0    0   48    0
   336    0]
 [   0    0    0    0    0    0    0    0    0    0    0    3    0    0
     0   90]]