Dataset : IP
N times : 25
TAU : 1.8
96.07111111111111 Overall accuracy (%)
95.28533333333333 Kappa accuracy (%)
96.07111111111112 Average accuracy (%)

              precision    recall  f1-score   support

           0       1.00      0.97      0.98     15000
           1       0.99      0.99      0.99     15000
           2       0.97      1.00      0.99     15000
           3       0.85      0.98      0.91     15000
           4       0.98      0.82      0.90     15000
           5       1.00      1.00      1.00     15000

    accuracy                           0.96     90000
   macro avg       0.96      0.96      0.96     90000
weighted avg       0.96      0.96      0.96     90000

[[14549   207   244     0     0     0]
 [    6 14841   153     0     0     0]
 [   34     0 14966     0     0     0]
 [    0     0     0 14751   249     0]
 [    0     0     0  2643 12357     0]
 [    0     0     0     0     0 15000]]