Dataset : IP
N times : 25
TAU : 1.8
94.25309786320616 Overall accuracy (%)
93.4622399599893 Kappa accuracy (%)
91.69308100683622 Average accuracy (%)

              precision    recall  f1-score   support

           1       0.47      0.76      0.58        46
           2       0.91      0.90      0.91      1428
           3       0.92      0.97      0.95       830
           4       0.61      0.64      0.62       237
           5       1.00      0.98      0.99       483
           6       1.00      1.00      1.00       730
           7       0.72      0.93      0.81        28
           8       0.98      0.92      0.95       478
           9       0.54      1.00      0.70        20
          10       0.96      0.99      0.98       972
          11       0.97      0.94      0.96      2455
          12       0.96      0.86      0.91       593
          13       0.98      0.78      0.86       205
          14       1.00      1.00      1.00      1265
          15       0.97      0.99      0.98       386
          16       0.53      1.00      0.69        93

    accuracy                           0.94     10249
   macro avg       0.85      0.92      0.87     10249
weighted avg       0.95      0.94      0.94     10249

[[  35    0    0    0    0    0    0    7    0    0    0    4    0    0
     0    0]
 [   0 1288    7   72    0    0    0    0    1    0   59    1    0    0
     0    0]
 [   0    0  807   21    0    0    0    0    1    0    0    0    1    0
     0    0]
 [   0   32   40  152    0    0    0    0    0    0    0   13    0    0
     0    0]
 [   0    0    0    0  475    0    8    0    0    0    0    0    0    0
     0    0]
 [   0    0    0    0    0  729    0    0    0    0    0    0    0    0
     1    0]
 [   0    0    0    0    2    0   26    0    0    0    0    0    0    0
     0    0]
 [  39    0    0    0    0    0    0  439    0    0    0    0    0    0
     0    0]
 [   0    0    0    0    0    0    0    0   20    0    0    0    0    0
     0    0]
 [   0    0    0    0    0    0    0    0    0  967    2    2    0    0
     0    1]
 [   0   94    0    6    0    3    1    0    0   38 2312    0    0    0
     0    1]
 [   0    0    0    0    0    0    1    0    0    0    0  511    0    0
     0   81]
 [   0    0   21    0    0    0    0    0   15    0    0    0  159    0
    10    0]
 [   0    0    0    0    0    0    0    0    0    0    0    0    0 1264
     1    0]
 [   0    0    0    0    0    0    0    0    0    0    0    0    3    0
   383    0]
 [   0    0    0    0    0    0    0    0    0    0    0    0    0    0
     0   93]]