Dataset : IP
N times : 25
TAU : 1.8
89.93072494877549 Overall accuracy (%)
88.58887942856146 Kappa accuracy (%)
91.47314369580316 Average accuracy (%)

              precision    recall  f1-score   support

           1       0.52      0.96      0.67        46
           2       0.84      0.80      0.82      1428
           3       0.95      0.91      0.93       830
           4       0.46      0.72      0.56       237
           5       0.99      0.88      0.93       483
           6       0.97      1.00      0.99       730
           7       0.30      0.93      0.45        28
           8       1.00      0.96      0.98       478
           9       0.49      1.00      0.66        20
          10       0.91      0.94      0.93       972
          11       0.93      0.85      0.89      2455
          12       0.83      0.89      0.86       593
          13       0.96      0.89      0.93       205
          14       1.00      1.00      1.00      1265
          15       0.96      0.98      0.97       386
          16       0.64      0.94      0.76        93

    accuracy                           0.90     10249
   macro avg       0.80      0.91      0.83     10249
weighted avg       0.91      0.90      0.90     10249

[[  44    0    0    0    0    0    0    1    0    1    0    0    0    0
     0    0]
 [   7 1143    4  140    0    0    0    0    3    0  126    5    0    0
     0    0]
 [   0    1  753   61    0    0    0    0   10    0    1    4    0    0
     0    0]
 [   0   36   19  170    0    0    0    0    0    0    0   12    0    0
     0    0]
 [   0    0    0    0  423    0   60    0    0    0    0    0    0    0
     0    0]
 [   0    0    0    0    0  728    0    0    1    0    1    0    0    0
     0    0]
 [   0    0    0    0    2    0   26    0    0    0    0    0    0    0
     0    0]
 [  20    0    0    0    0    0    0  458    0    0    0    0    0    0
     0    0]
 [   0    0    0    0    0    0    0    0   20    0    0    0    0    0
     0    0]
 [  14    0    0    0    0    2    0    0    0  917   28   11    0    0
     0    0]
 [   0  177    0    0    4   17    0    0    3   83 2098   72    0    0
     1    0]
 [   0    3    3    0    0    0    2    0    3    2    0  528    0    0
     3   49]
 [   0    0   13    0    0    1    0    0    1    0    0    0  183    0
     7    0]
 [   0    0    0    0    0    0    0    0    0    0    0    0    0 1260
     5    0]
 [   0    0    0    0    0    0    0    0    0    0    0    0    7    0
   379    0]
 [   0    0    0    0    0    0    0    0    0    0    0    6    0    0
     0   87]]