Dataset : IP
N times : 25
TAU : 1.8
95.00439067226071 Overall accuracy (%)
94.31414940835054 Kappa accuracy (%)
93.57480264527862 Average accuracy (%)

              precision    recall  f1-score   support

           1       0.47      0.74      0.57        46
           2       0.91      0.91      0.91      1428
           3       0.97      0.96      0.96       830
           4       0.68      0.73      0.70       237
           5       1.00      1.00      1.00       483
           6       1.00      1.00      1.00       730
           7       0.71      0.96      0.82        28
           8       0.98      0.92      0.95       478
           9       0.83      1.00      0.91        20
          10       0.96      0.98      0.97       972
          11       0.96      0.94      0.95      2455
          12       0.95      0.96      0.95       593
          13       0.98      0.94      0.96       205
          14       1.00      1.00      1.00      1265
          15       0.97      0.99      0.98       386
          16       0.82      0.96      0.88        93

    accuracy                           0.95     10249
   macro avg       0.89      0.94      0.91     10249
weighted avg       0.95      0.95      0.95     10249

[[  34    0    0    0    0    0    2   10    0    0    0    0    0    0
     0    0]
 [   0 1295    0   49    0    0    0    0    1    1   74    8    0    0
     0    0]
 [   0    0  800   30    0    0    0    0    0    0    0    0    0    0
     0    0]
 [   0   26   26  173    0    0    0    0    0    0    0   11    1    0
     0    0]
 [   0    0    0    0  481    0    1    0    1    0    0    0    0    0
     0    0]
 [   0    0    0    0    0  730    0    0    0    0    0    0    0    0
     0    0]
 [   0    0    0    0    1    0   27    0    0    0    0    0    0    0
     0    0]
 [  39    0    0    0    0    0    0  439    0    0    0    0    0    0
     0    0]
 [   0    0    0    0    0    0    0    0   20    0    0    0    0    0
     0    0]
 [   0    0    0    0    0    0    3    0    0  948   19    2    0    0
     0    0]
 [   0  106    0    4    0    0    1    0    0   39 2296    8    1    0
     0    0]
 [   0    0    0    0    0    0    3    0    0    0    0  570    0    0
     0   20]
 [   0    0    3    0    0    0    0    0    2    0    0    0  192    0
     8    0]
 [   0    0    0    0    0    0    0    0    0    0    0    0    0 1260
     5    0]
 [   0    0    0    0    0    0    1    0    0    0    0    0    2    0
   383    0]
 [   0    0    0    0    0    0    0    0    0    0    0    4    0    0
     0   89]]