Dataset : IP
N times : 25
TAU : 1.8
98.95222222222222 Overall accuracy (%)
98.74266666666666 Kappa accuracy (%)
98.95222222222223 Average accuracy (%)

              precision    recall  f1-score   support

           0       0.99      0.97      0.98     15000
           1       1.00      0.99      0.99     15000
           2       0.96      1.00      0.98     15000
           3       0.98      1.00      0.99     15000
           4       1.00      0.98      0.99     15000
           5       1.00      1.00      1.00     15000

    accuracy                           0.99     90000
   macro avg       0.99      0.99      0.99     90000
weighted avg       0.99      0.99      0.99     90000

[[14517     0   483     0     0     0]
 [   80 14825    95     0     0     0]
 [   50     0 14950     0     0     0]
 [    0     0     0 15000     0     0]
 [    0     0     0   235 14765     0]
 [    0     0     0     0     0 15000]]