Dataset : IP
N times : 25
TAU : 1.8
89.29651673333984 Overall accuracy (%)
87.86517836466405 Kappa accuracy (%)
90.25439697683981 Average accuracy (%)

              precision    recall  f1-score   support

           1       0.37      0.78      0.50        46
           2       0.85      0.70      0.77      1428
           3       0.93      0.80      0.86       830
           4       0.35      0.78      0.48       237
           5       1.00      0.87      0.93       483
           6       1.00      1.00      1.00       730
           7       0.31      1.00      0.47        28
           8       0.98      0.87      0.92       478
           9       0.43      1.00      0.61        20
          10       0.95      1.00      0.97       972
          11       0.94      0.93      0.93      2455
          12       0.90      0.82      0.86       593
          13       0.94      0.95      0.94       205
          14       1.00      0.99      1.00      1265
          15       0.98      0.95      0.96       386
          16       0.49      0.99      0.65        93

    accuracy                           0.89     10249
   macro avg       0.78      0.90      0.80     10249
weighted avg       0.92      0.89      0.90     10249

[[  36    0    0    0    0    1    0    8    0    1    0    0    0    0
     0    0]
 [   0 1005   26  236    0    0    0    0    0    4  124   23    0    0
     0   10]
 [   0   14  668  109    0    0    0    0   23    2   11    3    0    0
     0    0]
 [   0   44    5  185    0    0    0    0    0    0    0    3    0    0
     0    0]
 [   0    0    0    0  421    0   55    0    0    7    0    0    0    0
     0    0]
 [   0    0    0    0    0  729    0    0    0    0    0    0    0    0
     1    0]
 [   0    0    0    0    0    0   28    0    0    0    0    0    0    0
     0    0]
 [  61    0    0    0    0    0    1  416    0    0    0    0    0    0
     0    0]
 [   0    0    0    0    0    0    0    0   20    0    0    0    0    0
     0    0]
 [   0    0    0    0    0    0    0    0    0  972    0    0    0    0
     0    0]
 [   0   97   20    2    0    0    0    0    0   38 2274   23    0    0
     1    0]
 [   0   14    0    0    0    0    0    0    0    4    0  489    0    0
     0   86]
 [   0    0    1    0    0    0    0    0    3    0    0    0  194    1
     6    0]
 [   0    6    0    0    0    0    0    0    0    0    1    0    0 1257
     1    0]
 [   0    0    0    0    0    0    6    0    0    0    0    0   13    1
   366    0]
 [   0    0    0    0    0    0    0    0    0    0    0    1    0    0
     0   92]]