Dataset : IP
N times : 25
TAU : 1.8
96.31183530100498 Overall accuracy (%)
95.79917664937115 Kappa accuracy (%)
94.36432906772927 Average accuracy (%)

              precision    recall  f1-score   support

           1       0.52      0.91      0.66        46
           2       0.96      0.93      0.95      1428
           3       0.95      0.96      0.96       830
           4       0.65      0.65      0.65       237
           5       1.00      0.97      0.98       483
           6       1.00      1.00      1.00       730
           7       0.61      1.00      0.76        28
           8       0.99      0.91      0.95       478
           9       0.39      1.00      0.56        20
          10       1.00      1.00      1.00       972
          11       0.99      0.99      0.99      2455
          12       0.97      0.93      0.95       593
          13       0.95      0.88      0.91       205
          14       1.00      1.00      1.00      1265
          15       0.99      0.97      0.98       386
          16       0.66      0.99      0.79        93

    accuracy                           0.96     10249
   macro avg       0.85      0.94      0.88     10249
weighted avg       0.97      0.96      0.96     10249

[[  42    0    0    0    0    0    0    3    0    0    0    1    0    0     0    0]
 [   0 1334    0   60    0    0    0    0    0    0   30    1    0    0     0    3]
 [   0    0  800   22    0    0    0    0    8    0    0    0    0    0     0    0]
 [   0   28   42  155    0    0    0    0    0    0    0   12    0    0     0    0]
 [   0    0    0    0  467    0   15    0    1    0    0    0    0    0     0    0]
 [   0    0    0    0    0  730    0    0    0    0    0    0    0    0     0    0]
 [   0    0    0    0    0    0   28    0    0    0    0    0    0    0     0    0]
 [  39    0    0    0    0    0    3  436    0    0    0    0    0    0     0    0]
 [   0    0    0    0    0    0    0    0   20    0    0    0    0    0     0    0]
 [   0    0    0    0    0    0    0    0    0  972    0    0    0    0     0    0]
 [   0   23    0    1    0    0    0    0    0    4 2427    0    0    0     0    0]
 [   0    0    0    0    0    0    0    0    0    0    0  549    0    0     0   44]
 [   0    0    0    0    0    0    0    0   22    0    0    0  180    0     3    0]
 [   0    0    0    0    0    0    0    0    0    0    0    0    0 1263     2    0]
 [   0    0    0    0    0    0    0    0    0    0    0    0   10    0   376    0]
 [   0    0    0    0    0    0    0    0    0    0    0    1    0    0     0   92]]