Dataset : IP
N times : 25
TAU : 1.8
98.0411111111111 Overall accuracy (%)
97.64933333333333 Kappa accuracy (%)
98.0411111111111 Average accuracy (%)

              precision    recall  f1-score   support

           0       1.00      0.99      0.99     15000
           1       1.00      1.00      1.00     15000
           2       0.99      1.00      0.99     15000
           3       0.91      1.00      0.95     15000
           4       1.00      0.90      0.94     15000
           5       1.00      1.00      1.00     15000

    accuracy                           0.98     90000
   macro avg       0.98      0.98      0.98     90000
weighted avg       0.98      0.98      0.98     90000

[[14809    25   166     0     0     0]
 [    0 15000     0     0     0     0]
 [    0     0 15000     0     0     0]
 [    0     0     0 14995     5     0]
 [    0     0     0  1567 13433     0]
 [    0     0     0     0     0 15000]]