Dataset : IP
N times : 25
TAU : 1.8
49.39994145770319 Overall accuracy (%)
44.40104311315832 Kappa accuracy (%)
67.77055135878848 Average accuracy (%)

              precision    recall  f1-score   support

           1       0.31      0.98      0.47        46
           2       0.38      0.34      0.35      1428
           3       0.51      0.80      0.62       830
           4       0.20      0.46      0.28       237
           5       0.72      0.61      0.66       483
           6       0.88      0.91      0.90       730
           7       0.33      0.96      0.50        28
           8       1.00      0.85      0.92       478
           9       0.13      1.00      0.23        20
          10       0.26      0.25      0.26       972
          11       0.46      0.21      0.28      2455
          12       0.17      0.14      0.16       593
          13       0.37      0.72      0.49       205
          14       0.95      0.74      0.83      1265
          15       0.82      0.89      0.85       386
          16       0.11      0.99      0.19        93

    accuracy                           0.49     10249
   macro avg       0.48      0.68      0.50     10249
weighted avg       0.55      0.49      0.50     10249

[[ 45   0   0   0   0   1   0   0   0   0   0   0   0   0   0   0]
 [  7 479 103  71   1  11   0   0   0 289 198  92   0   0   0 177]
 [  0  14 663  58  19   0   0   0   0   0  43  28   5   0   0   0]
 [  0   0  90 109   0   1   0   0   0   0  22  15   0   0   0   0]
 [  0   0  10   2 293   1  20   0 126   0   0   0  19   2  10   0]
 [ 17   0   0   9   8 666  23   0   0   0   0   1   5   0   1   0]
 [  0   0   0   0   0   0  27   0   0   0   0   0   1   0   0   0]
 [ 73   0   0   0   0   0   0 405   0   0   0   0   0   0   0   0]
 [  0   0   0   0   0   0   0   0  20   0   0   0   0   0   0   0]
 [  0  86  42  38   6  13   0   0   0 244 184  63   0   1   0 295]
 [  2 606 237 183  17  61   0   0   0 375 505 204   0  16   0 249]
 [  0  88 133  67   5   1   0   0   0  18 147  85   0   4   0  45]
 [  0   0   9   1  17   0   0   0   0   0   0   0 148  20  10   0]
 [  0   0   7  11  42   0   6   0   8   0   0   0 199 940  52   0]
 [  0   0   0   0   1   0   5   0   0   0   0   0  28  10 342   0]
 [  0   1   0   0   0   0   0   0   0   0   0   0   0   0   0  92]]