Dataset : IP
N times : 25
TAU : 1.8
98.49111111111111 Overall accuracy (%)
98.18933333333332 Kappa accuracy (%)
98.49111111111112 Average accuracy (%)

              precision    recall  f1-score   support

           0       1.00      1.00      1.00     15000
           1       1.00      1.00      1.00     15000
           2       1.00      1.00      1.00     15000
           3       0.92      1.00      0.96     15000
           4       1.00      0.91      0.95     15000
           5       1.00      1.00      1.00     15000

    accuracy                           0.98     90000
   macro avg       0.99      0.98      0.98     90000
weighted avg       0.99      0.98      0.98     90000

[[14989    11     0     0     0     0]
 [    0 15000     0     0     0     0]
 [    0     0 15000     0     0     0]
 [    0     0     0 15000     0     0]
 [    0     0     0  1340 13653     7]
 [    0     0     0     0     0 15000]]