Dataset : IP
N times : 25
TAU : 1.8
47.994926334276514 Overall accuracy (%)
42.796765268559945 Kappa accuracy (%)
60.54951585604109 Average accuracy (%)

              precision    recall  f1-score   support

           1       0.17      0.39      0.24        46
           2       0.41      0.37      0.39      1428
           3       0.27      0.63      0.37       830
           4       0.18      0.44      0.25       237
           5       0.74      0.64      0.69       483
           6       0.98      0.87      0.92       730
           7       0.13      0.82      0.22        28
           8       0.97      0.97      0.97       478
           9       0.07      1.00      0.14        20
          10       0.16      0.12      0.14       972
          11       0.52      0.20      0.29      2455
          12       0.37      0.27      0.31       593
          13       0.51      0.69      0.59       205
          14       0.93      0.89      0.91      1265
          15       0.78      0.43      0.55       386
          16       0.19      0.95      0.31        93

    accuracy                           0.48     10249
   macro avg       0.46      0.61      0.46     10249
weighted avg       0.55      0.48      0.48     10249

[[  18    0    0    0    8    0    2   16    0    0    0    0    0    2
     0    0]
 [   0  535  136   94    0    0    0    0    6  116  136   89    0   26
     0  290]
 [   0   43  525   96    0    0    1    0   10   31  116    8    0    0
     0    0]
 [   0   40   39  105    0    0    0    0    0   13    1   25    0    2
     0   12]
 [  27    0    0    0  311    0   32    0    3    0    0    0   76    6
    28    0]
 [   0    0    0    0    0  632    0    0   71    0    0    0   26    0
     1    0]
 [   0    0    0    0    2    0   23    0    0    0    0    0    0    0
     3    0]
 [  16    0    0    0    0    0    0  462    0    0    0    0    0    0
     0    0]
 [   0    0    0    0    0    0    0    0   20    0    0    0    0    0
     0    0]
 [   0  336  210   32    0    0    0    0    6  119  168   84    0   12
     0    5]
 [   0  221  994  157    2    0   18    0   67  402  487   63    0   11
     8   25]
 [   0  113   67  109    0    0    0    0    3   45   37  161    0   10
     0   48]
 [   0    0    0    0    0   13    0    0   50    0    0    0  142    0
     0    0]
 [  45    0    0    2   38    0   48    0    0    0    0    0    0 1126
     6    0]
 [   0    0   10    1   62    0   59    0   40    0    0    0   33   16
   165    0]
 [   0    5    0    0    0    0    0    0    0    0    0    0    0    0
     0   88]]