Dataset : IP
N times : 25
TAU : 1.8
91.90888888888888 Overall accuracy (%)
90.29066666666667 Kappa accuracy (%)
91.9088888888889 Average accuracy (%)

              precision    recall  f1-score   support

           0       1.00      0.80      0.89     15000
           1       1.00      0.99      0.99     15000
           2       0.83      1.00      0.91     15000
           3       0.78      1.00      0.88     15000
           4       1.00      0.72      0.84     15000
           5       1.00      1.00      1.00     15000

    accuracy                           0.92     90000
   macro avg       0.93      0.92      0.92     90000
weighted avg       0.93      0.92      0.92     90000

[[12053    73  2874     0     0     0]
 [    0 14907    93     0     0     0]
 [    2     0 14998     0     0     0]
 [    0     0     0 14967    33     0]
 [    0     0     0  4207 10793     0]
 [    0     0     0     0     0 15000]]