Dataset : IP
N times : 25
TAU : 1.8
53.24421894819007 Overall accuracy (%)
48.62891249584774 Kappa accuracy (%)
68.2155323657297 Average accuracy (%)

              precision    recall  f1-score   support

           1       0.20      0.91      0.33        46
           2       0.56      0.50      0.53      1428
           3       0.20      0.51      0.28       830
           4       0.13      0.48      0.20       237
           5       0.95      0.65      0.77       483
           6       0.99      0.77      0.87       730
           7       0.46      1.00      0.63        28
           8       1.00      0.93      0.96       478
           9       0.07      0.85      0.12        20
          10       0.28      0.12      0.16       972
          11       0.61      0.22      0.32      2455
          12       0.54      0.68      0.60       593
          13       0.65      0.43      0.52       205
          14       0.98      0.96      0.97      1265
          15       0.71      0.94      0.81       386
          16       0.79      0.98      0.88        93

    accuracy                           0.53     10249
   macro avg       0.57      0.68      0.56     10249
weighted avg       0.63      0.53      0.54     10249

[[  42    0    0    0    4    0    0    0    0    0    0    0    0    0
     0    0]
 [   0  709  261  171    0    0    0    0    8   83   99   91    6    0
     0    0]
 [   0   84  424   84    0    0    0    0   17   53  165    3    0    0
     0    0]
 [   0   21   37  114    0    0    0    0    0    8   10   47    0    0
     0    0]
 [ 127    0    0    0  312    0   26    0    2    0    0    0    0    8
     8    0]
 [   0    0    0    0    0  562    0    0  156    0    0    0    6    0
     6    0]
 [   0    0    0    0    0    0   28    0    0    0    0    0    0    0
     0    0]
 [  30    0    0    0    0    0    4  444    0    0    0    0    0    0
     0    0]
 [   0    0    0    0    0    3    0    0   17    0    0    0    0    0
     0    0]
 [   0  200  283  226    1    0    0    0   13  113   76   60    0    0
     0    0]
 [   0  220 1149  210    1    0    0    0   40  138  537  144   15    1
     0    0]
 [  12   19   13   99    7    0    0    0    3    5    0  402    6    3
     0   24]
 [   0   12    7    0    0    0    0    0    4    8    0    0   88    0
    86    0]
 [   0    0    0    0    5    0    3    0    0    0    0    0    1 1211
    45    0]
 [   0    0    0    0    0    0    0    0    0    0    0    0   14    9
   363    0]
 [   0    0    0    0    0    0    0    0    0    0    0    2    0    0
     0   91]]