Dataset : IP
N times : 25
TAU : 1.8
98.04333333333334 Overall accuracy (%)
97.652 Kappa accuracy (%)
98.04333333333334 Average accuracy (%)

              precision    recall  f1-score   support

           0       1.00      1.00      1.00     15000
           1       1.00      1.00      1.00     15000
           2       1.00      1.00      1.00     15000
           3       0.90      1.00      0.95     15000
           4       1.00      0.89      0.94     15000
           5       1.00      1.00      1.00     15000

    accuracy                           0.98     90000
   macro avg       0.98      0.98      0.98     90000
weighted avg       0.98      0.98      0.98     90000

[[14967    25     8     0     0     0]
 [    0 15000     0     0     0     0]
 [    0     0 15000     0     0     0]
 [    0     0     0 14998     2     0]
 [    0     0     0  1690 13280    30]
 [    0     0     0     0     6 14994]]