Dataset : IP
N times : 25
TAU : 1.8
97.25222222222222 Overall accuracy (%)
96.70266666666667 Kappa accuracy (%)
97.25222222222222 Average accuracy (%)

              precision    recall  f1-score   support

           0       1.00      0.94      0.97     15000
           1       1.00      1.00      1.00     15000
           2       0.94      1.00      0.97     15000
           3       0.91      1.00      0.95     15000
           4       1.00      0.90      0.95     15000
           5       1.00      1.00      1.00     15000

    accuracy                           0.97     90000
   macro avg       0.97      0.97      0.97     90000
weighted avg       0.97      0.97      0.97     90000

[[14094    36   870     0     0     0]
 [   23 14946    31     0     0     0]
 [    0     0 15000     0     0     0]
 [    0     0     0 14999     1     0]
 [    0     0     0  1512 13488     0]
 [    0     0     0     0     0 15000]]