Dataset : IP
N times : 25
TAU : 1.8
65.89911210849839 Overall accuracy (%)
62.07792017230349 Kappa accuracy (%)
76.296285484973 Average accuracy (%)

              precision    recall  f1-score   support

           1       0.24      0.91      0.38        46
           2       0.51      0.55      0.53      1428
           3       0.63      0.85      0.73       830
           4       0.11      0.29      0.15       237
           5       0.80      0.80      0.80       483
           6       0.99      0.99      0.99       730
           7       0.36      1.00      0.53        28
           8       1.00      0.96      0.98       478
           9       0.16      1.00      0.28        20
          10       0.43      0.29      0.35       972
          11       0.84      0.50      0.62      2455
          12       0.51      0.75      0.61       593
          13       0.38      0.60      0.47       205
          14       0.95      0.81      0.87      1265
          15       0.87      0.91      0.89       386
          16       0.84      1.00      0.91        93

    accuracy                           0.66     10249
   macro avg       0.60      0.76      0.63     10249
weighted avg       0.72      0.66      0.67     10249

[[  42    0    0    0    0    0    2    2    0    0    0    0    0    0
     0    0]
 [  39  788   79  199    0    0    2    0    4  164   76   77    0    0
     0    0]
 [   0   14  709   62    0    0    0    0   24   16    5    0    0    0
     0    0]
 [   0   73   53   68   10    0    0    0    0   24    0    9    0    0
     0    0]
 [   0    0   10    1  384    0    3    0   15    0    0    0   26    2
    42    0]
 [   0    0    0    0    0  724    1    0    5    0    0    0    0    0
     0    0]
 [   0    0    0    0    0    0   28    0    0    0    0    0    0    0
     0    0]
 [  20    0    0    0    0    0    0  458    0    0    0    0    0    0
     0    0]
 [   0    0    0    0    0    0    0    0   20    0    0    0    0    0
     0    0]
 [   2  202   24  154    0    0    0    0    9  283  143  150    0    0
     0    5]
 [  18  475  227  131    5   10   10    0   22  149 1217  191    0    0
     0    0]
 [  53    6   19   31    0    0    8    0    4   15    0  446    0    0
     0   11]
 [   0    0    4    0   31    0    0    0    6    0    0    0  123   41
     0    0]
 [   0    0    0    0   47    0    1    0   13    0    0    0  173 1019
    12    0]
 [   0    0    0    0    4    0   22    0    0    0    0    0    0    6
   352    2]
 [   0    0    0    0    0    0    0    0    0    0    0    0    0    0
     0   93]]