Dataset : IP
N times : 25
TAU : 1.8
94.25333333333333 Overall accuracy (%)
93.104 Kappa accuracy (%)
94.25333333333333 Average accuracy (%)

              precision    recall  f1-score   support

           0       0.98      0.95      0.96     15000
           1       0.95      0.87      0.91     15000
           2       0.90      1.00      0.94     15000
           3       0.86      1.00      0.93     15000
           4       1.00      0.84      0.91     15000
           5       1.00      1.00      1.00     15000

    accuracy                           0.94     90000
   macro avg       0.95      0.94      0.94     90000
weighted avg       0.95      0.94      0.94     90000

[[14274   647    79     0     0     0]
 [  357 13026  1617     0     0     0]
 [    0    50 14950     0     0     0]
 [    0     0     0 14975    25     0]
 [    0     0     0  2397 12603     0]
 [    0     0     0     0     0 15000]]