Dataset : IP
N times : 25
TAU : 1.8
46.706995804468725 Overall accuracy (%)
41.3821560933066 Kappa accuracy (%)
61.081887729357796 Average accuracy (%)

              precision    recall  f1-score   support

           1       0.09      0.93      0.17        46
           2       0.33      0.20      0.25      1428
           3       0.25      0.61      0.35       830
           4       0.18      0.31      0.23       237
           5       0.75      0.75      0.75       483
           6       0.99      0.74      0.85       730
           7       0.11      0.75      0.19        28
           8       1.00      0.98      0.99       478
           9       0.07      0.85      0.12        20
          10       0.13      0.09      0.11       972
          11       0.57      0.28      0.37      2455
          12       0.19      0.19      0.19       593
          13       0.47      0.54      0.50       205
          14       0.98      0.89      0.94      1265
          15       0.68      0.66      0.67       386
          16       0.35      0.99      0.52        93

    accuracy                           0.47     10249
   macro avg       0.45      0.61      0.45     10249
weighted avg       0.54      0.47      0.48     10249

[[  43    0    0    0    0    0    0    0    0    0    0    3    0    0
     0    0]
 [ 132  285  224   65   11    0    0    0   10  285  245  152    1    0
     0   18]
 [   9   38  508   75    0    0    0    0   25   23  110   42    0    0
     0    0]
 [   1   27   32   74   32    0    2    0    0   49    4   15    0    0
     0    1]
 [  18    1    3    2  363    0   73    0    1    0    0    0    7    2
    13    0]
 [   0    0    0    0    0  541    0    0  171    0    0    0   10    0
     8    0]
 [   0    0    0    0    6    0   21    0    0    0    0    0    0    0
     1    0]
 [   7    0    0    0    0    0    3  468    0    0    0    0    0    0
     0    0]
 [   0    0    0    0    0    3    0    0   17    0    0    0    0    0
     0    0]
 [  53  254  190   13    5    0    0    0    2   90  122  145    0    0
     0   98]
 [  61  199 1026  144   31    0   13    0   20  143  677  133    0    0
     3    5]
 [ 145   69   37   42   12    0    0    0    0   97   29  115    0    0
     1   46]
 [   0    0   28    0    0    1    0    0    6    0    0    0  111    0
    59    0]
 [   0    0    0    0   25    0   77    0    0    0    0    0    1 1128
    34    0]
 [   0    0    0    0    2    0    7    0    1    0    0    0  106   16
   254    0]
 [   0    1    0    0    0    0    0    0    0    0    0    0    0    0
     0   92]]