Dataset : BW
N times : 5
TAU : 1.8
96.83333333333334 Overall accuracy (%)
96.04166666666667 Kappa accuracy (%)
96.83333333333334 Average accuracy (%)

              precision    recall  f1-score   support

           0       0.91      0.95      0.93     15000
           1       0.97      0.99      0.98     15000
           2       0.97      0.91      0.94     15000
           3       1.00      1.00      1.00     15000
           4       1.00      1.00      1.00     15000

    accuracy                           0.97     75000
   macro avg       0.97      0.97      0.97     75000
weighted avg       0.97      0.97      0.97     75000

[[14221   453   326     0     0]
 [   70 14797   133     0     0]
 [ 1316     0 13639    45     0]
 [    0     0     3 14995     2]
 [    0     0     0    27 14973]]