Dataset : BW
N times : 5
TAU : 1.8
90.61333333333333 Overall accuracy (%)
88.26666666666667 Kappa accuracy (%)
90.61333333333333 Average accuracy (%)

              precision    recall  f1-score   support

           0       0.80      0.72      0.76     15000
           1       0.88      0.96      0.92     15000
           2       0.85      0.87      0.86     15000
           3       1.00      0.99      0.99     15000
           4       1.00      1.00      1.00     15000

    accuracy                           0.91     75000
   macro avg       0.90      0.91      0.90     75000
weighted avg       0.90      0.91      0.90     75000

[[10778  1873  2349     0     0]
 [  635 14365     0     0     0]
 [ 1971     0 13029     0     0]
 [   62    55    14 14795    74]
 [    0     0     0     7 14993]]