Dataset : SA
N times : 25
TAU : 1
93.66222222222223 Overall accuracy (%)
92.39466666666667 Kappa accuracy (%)
93.66222222222223 Average accuracy (%)

              precision    recall  f1-score   support

           0       0.79      1.00      0.88     15000
           1       1.00      1.00      1.00     15000
           2       0.93      0.90      0.91     15000
           3       0.98      0.89      0.94     15000
           4       1.00      1.00      1.00     15000
           5       0.96      0.83      0.89     15000

    accuracy                           0.94     90000
   macro avg       0.94      0.94      0.94     90000
weighted avg       0.94      0.94      0.94     90000

[[14939     0     3    15     0    43]
 [    0 15000     0     0     0     0]
 [ 1138     0 13447     0     0   415]
 [ 1540     1     0 13415     0    44]
 [    0     0     0     0 15000     0]
 [ 1326     0   988   191     0 12495]]