Dataset : SA
N times : 25
TAU : 1
99.13 Overall accuracy (%)
98.956 Kappa accuracy (%)
99.12999999999998 Average accuracy (%)

              precision    recall  f1-score   support

           0       1.00      1.00      1.00     15000
           1       1.00      1.00      1.00     15000
           2       1.00      0.98      0.99     15000
           3       0.99      0.98      0.99     15000
           4       0.99      1.00      1.00     15000
           5       0.97      0.99      0.98     15000

    accuracy                           0.99     90000
   macro avg       0.99      0.99      0.99     90000
weighted avg       0.99      0.99      0.99     90000

[[15000     0     0     0     0     0]
 [    0 15000     0     0     0     0]
 [   37     0 14687     0     0   276]
 [    0     0     0 14714    35   251]
 [    0     0     0     0 15000     0]
 [    5     7    31    79    62 14816]]