Dataset : SA
N times : 25
TAU : 1
97.57777777777777 Overall accuracy (%)
97.09333333333333 Kappa accuracy (%)
97.57777777777777 Average accuracy (%)

              precision    recall  f1-score   support

           0       0.99      1.00      0.99     15000
           1       1.00      1.00      1.00     15000
           2       1.00      0.96      0.98     15000
           3       0.91      0.99      0.95     15000
           4       1.00      1.00      1.00     15000
           5       0.96      0.90      0.93     15000

    accuracy                           0.98     90000
   macro avg       0.98      0.98      0.98     90000
weighted avg       0.98      0.98      0.98     90000

[[15000     0     0     0     0     0]
 [    0 15000     0     0     0     0]
 [  173     0 14422     8     0   397]
 [    0     6     0 14876    21    97]
 [    0     0     0     0 14987    13]
 [    0     0     1  1464     0 13535]]