Dataset : IP
N times : 25
TAU : 1.2
99.58222222222223 Overall accuracy (%)
99.49866666666667 Kappa accuracy (%)
99.58222222222223 Average accuracy (%)

              precision    recall  f1-score   support

           0       1.00      0.99      1.00      3750
           1       1.00      1.00      1.00      3750
           2       0.99      1.00      1.00      3750
           3       0.99      1.00      0.99      3750
           4       1.00      0.98      0.99      3750
           5       1.00      1.00      1.00      3750

    accuracy                           1.00     22500
   macro avg       1.00      1.00      1.00     22500
weighted avg       1.00      1.00      1.00     22500

[[3718    0   32    0    0    0]
 [   5 3745    0    0    0    0]
 [   0    0 3750    0    0    0]
 [   0    0    0 3750    0    0]
 [   0    0    0   57 3693    0]
 [   0    0    0    0    0 3750]]