Dataset : IP
N times : 25
TAU : 1.2
99.07111111111111 Overall accuracy (%)
98.88533333333334 Kappa accuracy (%)
99.07111111111111 Average accuracy (%)

              precision    recall  f1-score   support

           0       1.00      1.00      1.00      3750
           1       1.00      1.00      1.00      3750
           2       1.00      1.00      1.00      3750
           3       0.95      1.00      0.98      3750
           4       1.00      0.95      0.97      3750
           5       1.00      1.00      1.00      3750

    accuracy                           0.99     22500
   macro avg       0.99      0.99      0.99     22500
weighted avg       0.99      0.99      0.99     22500

[[3742    0    8    0    0    0]
 [  13 3737    0    0    0    0]
 [   0    0 3750    0    0    0]
 [   0    0    0 3750    0    0]
 [   0    0    0  186 3562    2]
 [   0    0    0    0    0 3750]]