Dataset : IP
N times : 25
TAU : 1.8
93.61888964777052 Overall accuracy (%)
92.73310975125459 Kappa accuracy (%)
93.39710922861705 Average accuracy (%)

              precision    recall  f1-score   support

           1       0.84      1.00      0.91        46
           2       0.95      0.92      0.93      1428
           3       0.92      0.89      0.90       830
           4       0.56      0.75      0.64       237
           5       0.98      0.95      0.97       483
           6       1.00      1.00      1.00       730
           7       0.53      0.96      0.68        28
           8       1.00      1.00      1.00       478
           9       0.87      1.00      0.93        20
          10       0.95      0.89      0.92       972
          11       0.94      0.95      0.95      2455
          12       0.91      0.86      0.89       593
          13       0.95      0.85      0.89       205
          14       1.00      0.99      1.00      1265
          15       0.98      0.98      0.98       386
          16       0.53      0.96      0.68        93

    accuracy                           0.94     10249
   macro avg       0.87      0.93      0.89     10249
weighted avg       0.94      0.94      0.94     10249

[[  46    0    0    0    0    0    0    0    0    0    0    0    0    0
     0    0]
 [   1 1307   17   48    0    0    0    0    0    3   31   20    1    0
     0    0]
 [   0    1  735   90    0    0    0    0    0    0    4    0    0    0
     0    0]
 [   0   22   18  177    0    0    0    0    0    0    6   14    0    0
     0    0]
 [   0    0    0    2  460    0   20    0    1    0    0    0    0    0
     0    0]
 [   0    0    0    0    1  728    0    0    0    0    1    0    0    0
     0    0]
 [   0    0    0    0    1    0   27    0    0    0    0    0    0    0
     0    0]
 [   0    0    0    0    0    0    0  477    0    0    0    1    0    0
     0    0]
 [   0    0    0    0    0    0    0    0   20    0    0    0    0    0
     0    0]
 [   4    1    1    0    0    0    0    0    0  868   95    3    0    0
     0    0]
 [   4   50    0    0    5    2    0    0    0   40 2344    6    2    0
     2    0]
 [   0    0    0    0    2    0    0    0    0    2    0  511    0    0
     0   78]
 [   0    0   28    0    0    0    0    0    2    0    0    0  174    0
     1    0]
 [   0    1    0    0    0    0    3    0    0    0    0    0    0 1255
     6    0]
 [   0    0    0    0    0    0    1    0    0    0    0    1    7    0
   377    0]
 [   0    0    0    0    0    0    0    0    0    0    0    4    0    0
     0   89]]