Dataset : IP
N times : 25
TAU : 1.8
97.77555555555556 Overall accuracy (%)
97.33066666666666 Kappa accuracy (%)
97.77555555555554 Average accuracy (%)

              precision    recall  f1-score   support

           0       0.97      0.97      0.97     15000
           1       1.00      0.98      0.99     15000
           2       0.95      0.97      0.96     15000
           3       0.97      0.98      0.98     15000
           4       0.98      0.97      0.98     15000
           5       1.00      1.00      1.00     15000

    accuracy                           0.98     90000
   macro avg       0.98      0.98      0.98     90000
weighted avg       0.98      0.98      0.98     90000

[[14544    14   442     0     0     0]
 [    0 14672   328     0     0     0]
 [  472     0 14528     0     0     0]
 [    0     0     0 14663   337     0]
 [    0     0     0   409 14591     0]
 [    0     0     0     0     0 15000]]