Dataset : IP
N times : 25
TAU : 1.8
97.59976583081276 Overall accuracy (%)
97.26356153687084 Kappa accuracy (%)
95.087231520618 Average accuracy (%)

              precision    recall  f1-score   support

           1       1.00      0.93      0.97        46
           2       0.96      0.99      0.98      1428
           3       0.92      0.97      0.94       830
           4       0.85      0.64      0.73       237
           5       1.00      0.99      0.99       483
           6       1.00      1.00      1.00       730
           7       0.73      0.96      0.83        28
           8       1.00      1.00      1.00       478
           9       0.62      1.00      0.77        20
          10       0.99      0.99      0.99       972
          11       1.00      0.98      0.99      2455
          12       0.97      0.95      0.96       593
          13       0.95      0.85      0.90       205
          14       1.00      1.00      1.00      1265
          15       1.00      1.00      1.00       386
          16       0.75      0.95      0.84        93

    accuracy                           0.98     10249
   macro avg       0.92      0.95      0.93     10249
weighted avg       0.98      0.98      0.98     10249

[[  43    1    0    0    0    1    1    0    0    0    0    0    0    0
     0    0]
 [   0 1415    0    6    0    0    0    0    0    0    6    0    1    0
     0    0]
 [   0    0  802   20    0    0    0    0    0    0    0    0    8    0
     0    0]
 [   0   24   46  152    0    0    0    0    0    0    0   12    0    0
     0    3]
 [   0    0    0    0  477    0    1    0    5    0    0    0    0    0
     0    0]
 [   0    0    0    0    0  730    0    0    0    0    0    0    0    0
     0    0]
 [   0    0    0    0    1    0   27    0    0    0    0    0    0    0
     0    0]
 [   0    0    0    0    0    0    0  478    0    0    0    0    0    0
     0    0]
 [   0    0    0    0    0    0    0    0   20    0    0    0    0    0
     0    0]
 [   0    0    0    0    0    0    1    0    0  965    5    1    0    0
     0    0]
 [   0   28    0    0    0    1    4    0    0    6 2416    0    0    0
     0    0]
 [   0    0    0    0    0    0    2    0    0    0    0  565    0    0
     0   26]
 [   0    0   23    0    0    0    0    0    7    0    0    0  175    0
     0    0]
 [   0    0    0    0    0    0    1    0    0    0    0    0    0 1264
     0    0]
 [   0    0    0    0    0    0    0    0    0    0    0    0    0    0
   386    0]
 [   0    3    0    0    0    0    0    0    0    0    0    2    0    0
     0   88]]