Dataset : IP
N times : 25
TAU : 1.8
96.43666666666667 Overall accuracy (%)
95.724 Kappa accuracy (%)
96.43666666666667 Average accuracy (%)

              precision    recall  f1-score   support

           0       0.99      0.92      0.96     15000
           1       1.00      0.99      0.99     15000
           2       0.92      1.00      0.96     15000
           3       0.89      1.00      0.94     15000
           4       1.00      0.88      0.94     15000
           5       1.00      1.00      1.00     15000

    accuracy                           0.96     90000
   macro avg       0.97      0.96      0.96     90000
weighted avg       0.97      0.96      0.96     90000

[[13789    68  1143     0     0     0]
 [    0 14879   121     0     0     0]
 [   72     0 14928     0     0     0]
 [    0     0     0 14994     6     0]
 [    0     0     0  1797 13203     0]
 [    0     0     0     0     0 15000]]