Dataset : SA
N times : 5
TAU : 1.8
94.18888888888888 Overall accuracy (%)
93.02666666666667 Kappa accuracy (%)
94.18888888888888 Average accuracy (%)

              precision    recall  f1-score   support

           0       0.94      1.00      0.97     15000
           1       0.99      1.00      1.00     15000
           2       1.00      0.93      0.96     15000
           3       0.83      0.91      0.87     15000
           4       1.00      1.00      1.00     15000
           5       0.90      0.81      0.85     15000

    accuracy                           0.94     90000
   macro avg       0.94      0.94      0.94     90000
weighted avg       0.94      0.94      0.94     90000

[[14990     0    10     0     0     0]
 [    0 15000     0     0     0     0]
 [  895   134 13971     0     0     0]
 [    0     0     0 13669     0  1331]
 [    0     0     0     0 14996     4]
 [    0     0     0  2814    42 12144]]