Dataset : SA
N times : 5
TAU : 1.8
98.49333333333334 Overall accuracy (%)
98.19200000000001 Kappa accuracy (%)
98.49333333333333 Average accuracy (%)

              precision    recall  f1-score   support

           0       0.97      1.00      0.99     15000
           1       0.97      1.00      0.98     15000
           2       1.00      0.96      0.98     15000
           3       0.99      0.99      0.99     15000
           4       0.99      1.00      1.00     15000
           5       0.99      0.96      0.97     15000

    accuracy                           0.98     90000
   macro avg       0.99      0.98      0.98     90000
weighted avg       0.99      0.98      0.98     90000

[[15000     0     0     0     0     0]
 [    0 15000     0     0     0     0]
 [  334   206 14395    40     0    25]
 [   15     3     0 14921     5    56]
 [    0     0     0     0 15000     0]
 [   78   314     0   164   116 14328]]