Dataset : SA
N times : 5
TAU : 1.8
96.89999999999999 Overall accuracy (%)
96.28 Kappa accuracy (%)
96.90000000000002 Average accuracy (%)

              precision    recall  f1-score   support

           0       0.97      1.00      0.99     15000
           1       1.00      1.00      1.00     15000
           2       1.00      0.95      0.98     15000
           3       0.89      0.98      0.93     15000
           4       0.98      1.00      0.99     15000
           5       0.99      0.88      0.94     15000

    accuracy                           0.97     90000
   macro avg       0.97      0.97      0.97     90000
weighted avg       0.97      0.97      0.97     90000

[[14998     0     2     0     0     0]
 [    0 15000     0     0     0     0]
 [  417    13 14313   179     0    78]
 [    0    20     2 14631   322    25]
 [    0     0     0     0 14998     2]
 [   11     3     6  1675    35 13270]]