Dataset : SA
N times : 5
TAU : 1.8
93.64777777777778 Overall accuracy (%)
92.37733333333334 Kappa accuracy (%)
93.64777777777778 Average accuracy (%)

              precision    recall  f1-score   support

           0       1.00      1.00      1.00     15000
           1       1.00      1.00      1.00     15000
           2       0.84      0.90      0.87     15000
           3       0.92      0.98      0.95     15000
           4       0.99      1.00      1.00     15000
           5       0.86      0.74      0.80     15000

    accuracy                           0.94     90000
   macro avg       0.94      0.94      0.94     90000
weighted avg       0.94      0.94      0.94     90000

[[15000     0     0     0     0     0]
 [    0 15000     0     0     0     0]
 [   18     0 13462     4     0  1516]
 [    0     0    18 14772     0   210]
 [    0     0     0     0 15000     0]
 [   13     0  2561  1272   105 11049]]