Dataset : SA
N times : 5
TAU : 1.8
93.65555555555557 Overall accuracy (%)
92.38666666666666 Kappa accuracy (%)
93.65555555555557 Average accuracy (%)

              precision    recall  f1-score   support

           0       0.87      1.00      0.93     15000
           1       1.00      1.00      1.00     15000
           2       0.88      0.91      0.90     15000
           3       0.99      0.92      0.95     15000
           4       1.00      1.00      1.00     15000
           5       0.88      0.79      0.83     15000

    accuracy                           0.94     90000
   macro avg       0.94      0.94      0.94     90000
weighted avg       0.94      0.94      0.94     90000

[[14946     0     1    33     0    20]
 [    0 15000     0     0     0     0]
 [  739     7 13698     0     0   556]
 [  114     0    31 13805     3  1047]
 [    0     0     0     0 14999     1]
 [ 1292     6  1755    98     7 11842]]