Dataset : SA
N times : 5
TAU : 1.8
96.28555555555556 Overall accuracy (%)
95.54266666666666 Kappa accuracy (%)
96.28555555555556 Average accuracy (%)

              precision    recall  f1-score   support

           0       1.00      1.00      1.00     15000
           1       0.99      1.00      0.99     15000
           2       0.98      0.90      0.94     15000
           3       0.96      0.93      0.94     15000
           4       0.98      1.00      0.99     15000
           5       0.88      0.95      0.91     15000

    accuracy                           0.96     90000
   macro avg       0.96      0.96      0.96     90000
weighted avg       0.96      0.96      0.96     90000

[[15000     0     0     0     0     0]
 [    0 15000     0     0     0     0]
 [   16     0 13473   296     0  1215]
 [    0     0    26 13916   339   719]
 [    0     0     0     0 15000     0]
 [    2   187   185   330    28 14268]]