Dataset : BW
N times : 1
TAU : 1.8
88.74666666666667 Overall accuracy (%)
85.93333333333332 Kappa accuracy (%)
88.74666666666667 Average accuracy (%)

              precision    recall  f1-score   support

           0       0.84      0.71      0.77     15000
           1       0.88      0.97      0.92     15000
           2       0.84      0.82      0.83     15000
           3       0.97      0.95      0.96     15000
           4       0.90      0.98      0.94     15000

    accuracy                           0.89     75000
   macro avg       0.89      0.89      0.88     75000
weighted avg       0.89      0.89      0.88     75000

[[10688  2028  2279     4     1]
 [  336 14569    14    81     0]
 [ 1643     0 12307   104   946]
 [   15    51    41 14277   616]
 [    0     0     5   276 14719]]