Dataset : BW
N times : 1
TAU : 1.8
96.56133333333334 Overall accuracy (%)
95.70166666666667 Kappa accuracy (%)
96.56133333333334 Average accuracy (%)

              precision    recall  f1-score   support

           0       0.97      0.99      0.98     15000
           1       0.99      0.99      0.99     15000
           2       0.97      0.96      0.97     15000
           3       0.97      0.91      0.94     15000
           4       0.93      0.98      0.95     15000

    accuracy                           0.97     75000
   macro avg       0.97      0.97      0.97     75000
weighted avg       0.97      0.97      0.97     75000

[[14831     3   163     3     0]
 [   83 14885    31     1     0]
 [  331   223 14382    62     2]
 [   25     0   213 13613  1149]
 [    0     0     2   288 14710]]