Dataset : BW
N times : 1
TAU : 1.8
93.87466666666666 Overall accuracy (%)
92.34333333333333 Kappa accuracy (%)
93.87466666666666 Average accuracy (%)

              precision    recall  f1-score   support

           0       0.97      0.92      0.94     15000
           1       0.99      0.98      0.99     15000
           2       0.87      0.93      0.90     15000
           3       0.97      0.86      0.92     15000
           4       0.91      0.99      0.95     15000

    accuracy                           0.94     75000
   macro avg       0.94      0.94      0.94     75000
weighted avg       0.94      0.94      0.94     75000

[[13767    22  1151    34    26]
 [   49 14747    82   122     0]
 [  426    31 14023   139   381]
 [    4    71   829 12962  1134]
 [    0     0    18    75 14907]]