Dataset : KSC
N times : 10
TAU : 1.8
96.53466666666667 Overall accuracy (%)
95.66833333333334 Kappa accuracy (%)
96.53466666666667 Average accuracy (%)

              precision    recall  f1-score   support

           0       0.93      1.00      0.97     15000
           1       0.99      0.87      0.92     15000
           2       1.00      0.97      0.99     15000
           3       0.98      0.99      0.98     15000
           4       0.93      1.00      0.97     15000

    accuracy                           0.97     75000
   macro avg       0.97      0.97      0.96     75000
weighted avg       0.97      0.97      0.96     75000

[[14999     1     0     0     0]
 [  864 12984     1   330   821]
 [  185     8 14571     0   236]
 [    0   152     0 14847     1]
 [    0     0     0     0 15000]]