Dataset : KSC
N times : 10
TAU : 1.8
95.35733333333334 Overall accuracy (%)
94.19666666666666 Kappa accuracy (%)
95.35733333333333 Average accuracy (%)

              precision    recall  f1-score   support

           0       0.94      1.00      0.97     15000
           1       0.93      0.92      0.93     15000
           2       0.93      0.94      0.94     15000
           3       1.00      0.91      0.95     15000
           4       0.97      1.00      0.99     15000

    accuracy                           0.95     75000
   macro avg       0.95      0.95      0.95     75000
weighted avg       0.95      0.95      0.95     75000

[[15000     0     0     0     0]
 [  853 13805   187    31   124]
 [  148   437 14130     0   285]
 [    0   547   870 13583     0]
 [    0     0     0     0 15000]]