Dataset : SA
N times : 15
TAU : 1.8
93.09111111111112 Overall accuracy (%)
91.70933333333333 Kappa accuracy (%)
93.09111111111112 Average accuracy (%)

              precision    recall  f1-score   support

           0       0.88      1.00      0.94     15000
           1       1.00      1.00      1.00     15000
           2       1.00      0.86      0.93     15000
           3       0.82      0.94      0.88     15000
           4       0.99      1.00      0.99     15000
           5       0.93      0.78      0.85     15000

    accuracy                           0.93     90000
   macro avg       0.94      0.93      0.93     90000
weighted avg       0.94      0.93      0.93     90000

[[14998     0     2     0     0     0]
 [    0 15000     0     0     0     0]
 [ 2037    29 12934     0     0     0]
 [    0     0     0 14079     4   917]
 [    0     0     0     0 15000     0]
 [    0     0     0  3027   202 11771]]