Dataset : IP
N times : 25
TAU : 2
85.77422187530492 Overall accuracy (%)
83.93021575735187 Kappa accuracy (%)
89.54619420243154 Average accuracy (%)

              precision    recall  f1-score   support

           1       0.51      1.00      0.68        46
           2       0.72      0.78      0.75      1428
           3       0.89      0.90      0.89       830
           4       0.47      0.78      0.59       237
           5       0.97      0.79      0.87       483
           6       1.00      0.99      0.99       730
           7       0.22      1.00      0.36        28
           8       1.00      0.95      0.97       478
           9       0.38      1.00      0.56        20
          10       0.87      0.97      0.92       972
          11       0.95      0.79      0.86      2455
          12       0.84      0.53      0.65       593
          13       0.90      0.92      0.91       205
          14       1.00      0.99      0.99      1265
          15       0.93      0.95      0.94       386
          16       0.34      0.99      0.50        93

    accuracy                           0.86     10249
   macro avg       0.75      0.90      0.78     10249
weighted avg       0.89      0.86      0.86     10249

[[  46    0    0    0    0    0    0    0    0    0    0    0    0    0
     0    0]
 [   0 1109   24  153    0    0    0    0    0   12  103   27    0    0
     0    0]
 [   0    0  745   52    0    0    0    0   29    3    1    0    0    0
     0    0]
 [   0   30   12  186    0    0    0    0    0    0    0    9    0    0
     0    0]
 [   0    0    4    0  381    0   98    0    0    0    0    0    0    0
     0    0]
 [   0    0    0    0    0  720    0    0    0    0    0    0    2    0
     8    0]
 [   0    0    0    0    0    0   28    0    0    0    0    0    0    0
     0    0]
 [  25    0    0    0    0    0    0  453    0    0    0    0    0    0
     0    0]
 [   0    0    0    0    0    0    0    0   20    0    0    0    0    0
     0    0]
 [   0    2    0    0    1    0    0    0    0  944    3   22    0    0
     0    0]
 [   0  332   39    6    5    0    0    0    2  121 1945    1    0    0
     4    0]
 [  16   69    3    0    4    0    0    0    0    0    4  315    0    0
     1  181]
 [   0    0    9    0    0    0    0    0    1    0    0    0  189    0
     6    0]
 [   3    0    0    0    2    0    0    0    0    0    0    1    0 1251
     7    1]
 [   0    0    0    0    0    0    0    0    0    0    0    0   19    0
   367    0]
 [   0    0    0    0    0    0    0    0    0    0    0    1    0    0
     0   92]]