Dataset : IP
N times : 1
TAU : 1.8
43.76036686506001 Overall accuracy (%)
38.62547673243198 Kappa accuracy (%)
57.34015281135978 Average accuracy (%)

              precision    recall  f1-score   support

           1       0.15      0.83      0.26        46
           2       0.36      0.38      0.37      1428
           3       0.48      0.73      0.58       830
           4       0.11      0.30      0.16       237
           5       0.48      0.48      0.48       483
           6       0.95      0.72      0.82       730
           7       0.07      0.82      0.13        28
           8       0.97      0.69      0.81       478
           9       0.07      0.95      0.13        20
          10       0.28      0.24      0.26       972
          11       0.59      0.19      0.29      2455
          12       0.16      0.17      0.17       593
          13       0.31      0.51      0.39       205
          14       0.93      0.70      0.80      1265
          15       0.64      0.58      0.61       386
          16       0.12      0.88      0.21        93

    accuracy                           0.44     10249
   macro avg       0.42      0.57      0.40     10249
weighted avg       0.55      0.44      0.46     10249

[[ 38   0   0   0   0   0   0   8   0   0   0   0   0   0   0   0]
 [  8 549 108 167   5   0   4   0   0 164 139 184   1   0   0  99]
 [  0  45 603 116  16   0   0   0   1  10  24   9   2   1   2   1]
 [  0  25 113  72   3   0   1   0   0   1  10  12   0   0   0   0]
 [  1   3   6   8 231   4  19   0 126   0   0   3   7  46  29   0]
 [  1   0   0   0   2 525 197   0   0   0   0   0   0   0   5   0]
 [  0   0   0   0   0   5  23   0   0   0   0   0   0   0   0   0]
 [141   0   0   0   0   1   5 331   0   0   0   0   0   0   0   0]
 [  0   0   0   0   1   0   0   0  19   0   0   0   0   0   0   0]
 [ 17 156  53  44   8   0  15   0   4 232 106  56   1   0   0 280]
 [ 41 654 252 192  18  16  57   1   0 313 465 250  18   0   4 174]
 [  4 102 100  68   4   0   0   0   1 110  43 101   1   0   1  58]
 [  0   0   8   0  31   0   0   0   0   0   0   0 105   5  56   0]
 [  0   0   2   0 151   0   2   0 124   0   0   0  74 885  27   0]
 [  0   0   0   0  16   1   5   0   0   0   0   0 130  10 224   0]
 [  0   1   0   1   0   0   0   0   0   8   0   1   0   0   0  82]]