Dataset : IP
N times : 1
TAU : 1.8
96.41222222222223 Overall accuracy (%)
95.69466666666668 Kappa accuracy (%)
96.41222222222223 Average accuracy (%)

              precision    recall  f1-score   support

           0       0.99      0.94      0.96     15000
           1       0.99      0.99      0.99     15000
           2       0.95      0.99      0.97     15000
           3       0.91      0.99      0.95     15000
           4       0.98      0.89      0.93     15000
           5       0.99      1.00      0.99     15000

    accuracy                           0.96     90000
   macro avg       0.97      0.96      0.96     90000
weighted avg       0.97      0.96      0.96     90000

[[14134   187   679     0     0     0]
 [   50 14792   158     0     0     0]
 [  163    38 14799     0     0     0]
 [    0     0     0 14782   212     6]
 [    0     0     0  1496 13296   208]
 [    0     0     0     6    26 14968]]