Dataset : IP
N times : 1
TAU : 1.8
93.80777777777777 Overall accuracy (%)
92.56933333333333 Kappa accuracy (%)
93.80777777777779 Average accuracy (%)

              precision    recall  f1-score   support

           0       0.90      0.85      0.87     15000
           1       0.98      0.91      0.94     15000
           2       0.85      0.96      0.90     15000
           3       0.97      0.99      0.98     15000
           4       0.98      0.92      0.95     15000
           5       0.96      0.99      0.97     15000

    accuracy                           0.94     90000
   macro avg       0.94      0.94      0.94     90000
weighted avg       0.94      0.94      0.94     90000

[[12681   282  2037     0     0     0]
 [  844 13711   445     0     0     0]
 [  514    48 14438     0     0     0]
 [    0     0     0 14919    80     1]
 [    0     0     0   488 13816   696]
 [    0     0     0     2   136 14862]]