Dataset : IP
N times : 1
TAU : 1.8
44.131134744853156 Overall accuracy (%)
39.05895705679402 Kappa accuracy (%)
58.83354149849212 Average accuracy (%)

              precision    recall  f1-score   support

           1       0.11      0.59      0.19        46
           2       0.30      0.32      0.31      1428
           3       0.31      0.68      0.43       830
           4       0.10      0.27      0.15       237
           5       0.65      0.71      0.68       483
           6       0.93      0.96      0.95       730
           7       0.21      0.96      0.34        28
           8       0.93      0.89      0.91       478
           9       0.11      1.00      0.19        20
          10       0.20      0.10      0.14       972
          11       0.47      0.12      0.19      2455
          12       0.26      0.29      0.27       593
          13       0.25      0.44      0.32       205
          14       0.95      0.78      0.86      1265
          15       0.59      0.51      0.55       386
          16       0.13      0.81      0.23        93

    accuracy                           0.44     10249
   macro avg       0.41      0.59      0.42     10249
weighted avg       0.50      0.44      0.43     10249

[[ 27   1   0   0   0   0   5  13   0   0   0   0   0   0   0   0]
 [ 53 452 141 102   1   1   4   4   6 123 101 196   0   0   0 244]
 [  3  59 563  79  15   1   0   0   8  26  60  11   0   0   1   4]
 [ 14  33  58  64   0   0   2   0   0  12  38  14   0   0   0   2]
 [  3   1   3   7 342   3  12   0  40   0   2   0  17  14  39   0]
 [  0   0   0   0   0 700   1   0  26   0   0   0   0   0   3   0]
 [  0   0   0   0   0   1  27   0   0   0   0   0   0   0   0   0]
 [ 53   0   0   0   0   0   1 424   0   0   0   0   0   0   0   0]
 [  0   0   0   0   0   0   0   0  20   0   0   0   0   0   0   0]
 [ 23 270 163  98   1   8  14   0  22 102 112 121   0   0   0  38]
 [ 23 539 811 196  14   2  40   9  59 213 287 138   8   0   0 116]
 [ 45 127  45  61   3   0  10   4   4  23  16 170   0   0   2  83]
 [  0   1   5   3  20   0   0   0   3   0   0   0  90  16  67   0]
 [  0   0   0   1 128   1   3   0   0   0   0   0 124 982  26   0]
 [  0   0   0   0   6  33  10   0   1   0   0   0 118  20 198   0]
 [  0   6   0   8   0   0   0   0   0   0   0   4   0   0   0  75]]