Dataset : IP
N times : 1
TAU : 1.8
94.7611111111111 Overall accuracy (%)
93.71333333333334 Kappa accuracy (%)
94.7611111111111 Average accuracy (%)

              precision    recall  f1-score   support

           0       0.96      0.93      0.94     15000
           1       0.97      0.92      0.94     15000
           2       0.90      0.97      0.93     15000
           3       0.92      0.96      0.94     15000
           4       0.96      0.91      0.93     15000
           5       0.99      1.00      0.99     15000

    accuracy                           0.95     90000
   macro avg       0.95      0.95      0.95     90000
weighted avg       0.95      0.95      0.95     90000

[[13992   234   774     0     0     0]
 [  357 13776   867     0     0     0]
 [  271   197 14532     0     0     0]
 [    0     0     0 14444   550     6]
 [    0     0     0  1275 13606   119]
 [    0     0     0     0    65 14935]]