Dataset : IP
N times : 1
TAU : 1.8
40.608839886818224 Overall accuracy (%)
35.34595299347855 Kappa accuracy (%)
55.172911194192565 Average accuracy (%)

              precision    recall  f1-score   support

           1       0.06      0.54      0.11        46
           2       0.40      0.41      0.41      1428
           3       0.26      0.56      0.36       830
           4       0.10      0.28      0.15       237
           5       0.50      0.68      0.58       483
           6       0.84      0.84      0.84       730
           7       0.20      0.96      0.33        28
           8       0.93      0.71      0.80       478
           9       0.11      0.95      0.20        20
          10       0.22      0.10      0.14       972
          11       0.55      0.13      0.21      2455
          12       0.24      0.29      0.26       593
          13       0.20      0.42      0.27       205
          14       0.81      0.59      0.68      1265
          15       0.56      0.44      0.49       386
          16       0.19      0.91      0.32        93

    accuracy                           0.41     10249
   macro avg       0.39      0.55      0.38     10249
weighted avg       0.50      0.41      0.41     10249

[[ 25   0   0   0   0   0   0  20   0   0   0   1   0   0   0   0]
 [ 66 590 163 144   1  12   3   0   0 125  80 149   0   0   3  92]
 [  1 100 467  81   0  33   1   0   9  16 103  14   0   0   2   3]
 [  1  54  59  66   4   0   4   0   0  17   9  11   4   0   0   8]
 [  1   0   1   3 329   0  29   0   0   2   0   1  14  90  13   0]
 [  0   0   0   0   0 611   0   0 108   2   1   0   0   0   8   0]
 [  0   0   0   0   1   0  27   0   0   0   0   0   0   0   0   0]
 [132   0   0   0   0   0   7 339   0   0   0   0   0   0   0   0]
 [  0   0   0   0   0   1   0   0  19   0   0   0   0   0   0   0]
 [ 64 194 112 112   0   2  16   7   3 101  67 181   1   0   4 108]
 [ 20 428 941 203  11  70  34   0  15 149 326 166   9   0  12  71]
 [ 89 111  35  34   4   2  12   0   0  49   8 171   0   0   2  76]
 [  0   0  13   8   1   0   0   0   3   0   0   0  86  46  48   0]
 [  0   1   0   1 283   0   4   0   0   0   0   0 183 752  41   0]
 [  0   0   0   2  18   0   0   0  17   0   0   0 137  44 168   0]
 [  0   1   0   1   0   0   0   0   0   2   0   4   0   0   0  85]]