Dataset : IP
N times : 1
TAU : 1.8
95.3 Overall accuracy (%)
94.36 Kappa accuracy (%)
95.3 Average accuracy (%)

              precision    recall  f1-score   support

           0       0.97      0.88      0.93     15000
           1       0.92      0.97      0.95     15000
           2       0.90      0.94      0.92     15000
           3       0.95      0.98      0.97     15000
           4       0.98      0.95      0.96     15000
           5       1.00      1.00      1.00     15000

    accuracy                           0.95     90000
   macro avg       0.95      0.95      0.95     90000
weighted avg       0.95      0.95      0.95     90000

[[13253   571  1176     0     0     0]
 [   44 14553   403     0     0     0]
 [  322   621 14057     0     0     0]
 [    0     0     0 14723   273     4]
 [    0     0     0   740 14190    70]
 [    0     0     0     2     4 14994]]