Dataset : IP
N times : 1
TAU : 1.8
48.16079617523661 Overall accuracy (%)
42.98422441304561 Kappa accuracy (%)
59.28075134063534 Average accuracy (%)

              precision    recall  f1-score   support

           1       0.06      0.43      0.10        46
           2       0.40      0.37      0.38      1428
           3       0.24      0.47      0.32       830
           4       0.27      0.70      0.39       237
           5       0.87      0.88      0.87       483
           6       0.98      0.70      0.81       730
           7       0.46      0.93      0.61        28
           8       0.93      0.72      0.81       478
           9       0.05      0.80      0.09        20
          10       0.35      0.17      0.23       972
          11       0.63      0.28      0.39      2455
          12       0.24      0.31      0.27       593
          13       0.41      0.63      0.50       205
          14       0.90      0.89      0.90      1265
          15       0.58      0.38      0.46       386
          16       0.16      0.83      0.27        93

    accuracy                           0.48     10249
   macro avg       0.47      0.59      0.46     10249
weighted avg       0.58      0.48      0.50     10249

[[  20    0    0    0    0    0    4   21    0    0    0    1    0    0
     0    0]
 [  27  527  236   57    0    0    2    0   18  128  138  204    0    0
     0   91]
 [   0  104  388   63    0    0    0    0   26   38  161   47    1    0
     1    1]
 [   0   41    9  167    4    0    0    0    1    2    9    2    0    0
     0    2]
 [   1    0    1   15  424    0    7    1    0    0    0    7    0   16
    11    0]
 [   0    0    0    1    0  509    0    0  199    0    0    0   11    0
    10    0]
 [   0    0    0    0    2    0   26    0    0    0    0    0    0    0
     0    0]
 [ 123    0    0    0    0    0   11  344    0    0    0    0    0    0
     0    0]
 [   0    0    0    0    0    3    0    0   16    0    0    0    1    0
     0    0]
 [  43  146  136   46    1    0    0    1   16  163   70  130    0    0
     0  220]
 [  31  418  788  180    4    8    3    0   38   70  685  188    1    0
     2   39]
 [ 106   72   40   60    0    0    3    4    1   60   21  185    0    0
     2   39]
 [   0    0    4   16    0    2    0    0    2    0    0    0  129   11
    41    0]
 [   0    0    0    3   52    0    1    0    0    0    0    0   40 1131
    38    0]
 [   1    0    0    5    1    0    0    0    3    0    0    0  132   99
   145    0]
 [   0    3    0    0    0    0    0    0    0    8    2    3    0    0
     0   77]]