Dataset : IP
N times : 1
TAU : 1.8
54.161381598204706 Overall accuracy (%)
49.53620754267958 Kappa accuracy (%)
68.37524759869365 Average accuracy (%)

              precision    recall  f1-score   support

           1       0.33      0.63      0.44        46
           2       0.38      0.44      0.41      1428
           3       0.28      0.54      0.37       830
           4       0.09      0.29      0.14       237
           5       0.88      0.92      0.90       483
           6       0.98      0.90      0.94       730
           7       0.48      0.96      0.64        28
           8       0.98      0.90      0.94       478
           9       0.14      0.95      0.24        20
          10       0.32      0.31      0.32       972
          11       0.67      0.19      0.29      2455
          12       0.48      0.61      0.54       593
          13       0.60      0.62      0.61       205
          14       0.97      0.91      0.94      1265
          15       0.78      0.79      0.79       386
          16       0.62      0.98      0.76        93

    accuracy                           0.54     10249
   macro avg       0.56      0.68      0.58     10249
weighted avg       0.62      0.54      0.54     10249

[[  29    0    0    0    0    0    7   10    0    0    0    0    0    0
     0    0]
 [   0  632  172  185    0    0    0    0    3  242   79  111    3    0
     0    1]
 [   0  121  449   89    0    3    0    0   10   60   70   23    5    0
     0    0]
 [   0   66   40   68    0    0    0    0    0   15   33   15    0    0
     0    0]
 [   0    1    1    4  443    5   10    0   10    0    0    1    1    7
     0    0]
 [   0    0    8    0    0  656    0    0   58    0    0    0    8    0
     0    0]
 [   0    0    0    0    1    0   27    0    0    0    0    0    0    0
     0    0]
 [  49    0    0    0    0    0    0  429    0    0    0    0    0    0
     0    0]
 [   0    0    0    0    0    1    0    0   19    0    0    0    0    0
     0    0]
 [   0  287  159   79    2    0    0    0    9  304   38   93    1    0
     0    0]
 [   6  523  762  241    4    6    0    0   21  265  455  143    9    0
     0   20]
 [   1   55    9   52    0    0    0    0    3   66    5  362    8    2
     4   26]
 [   0    0   28    4    0    0    0    0    5    0    0    2  127    0
    39    0]
 [   1    0    0    0   53    0   10    0    1    0    0    0    0 1154
    43    3]
 [   1    0    0    0    0    0    2    0    0    0    0    0   49   22
   306    6]
 [   0    0    0    0    0    0    0    0    0    0    0    2    0    0
     0   91]]