Dataset : IP
N times : 1
TAU : 1.8
95.81111111111112 Overall accuracy (%)
94.97333333333333 Kappa accuracy (%)
95.81111111111112 Average accuracy (%)

              precision    recall  f1-score   support

           0       0.97      0.86      0.91     15000
           1       0.99      1.00      0.99     15000
           2       0.88      0.98      0.93     15000
           3       0.95      1.00      0.97     15000
           4       0.99      0.92      0.95     15000
           5       0.97      1.00      0.99     15000

    accuracy                           0.96     90000
   macro avg       0.96      0.96      0.96     90000
weighted avg       0.96      0.96      0.96     90000

[[12941   142  1917     0     0     0]
 [   33 14951    16     0     0     0]
 [  350     1 14649     0     0     0]
 [    0     0     0 14972    26     2]
 [    0     0     0   834 13770   396]
 [    0     0     0     2    51 14947]]