Dataset : IP
N times : 25
TAU : 1
96.60333333333332 Overall accuracy (%)
95.92399999999999 Kappa accuracy (%)
96.60333333333332 Average accuracy (%)

              precision    recall  f1-score   support

           0       1.00      1.00      1.00     15000
           1       1.00      1.00      1.00     15000
           2       1.00      1.00      1.00     15000
           3       0.84      1.00      0.91     15000
           4       1.00      0.80      0.89     15000
           5       1.00      1.00      1.00     15000

    accuracy                           0.97     90000
   macro avg       0.97      0.97      0.97     90000
weighted avg       0.97      0.97      0.97     90000

[[14954     9    37     0     0     0]
 [   40 14956     4     0     0     0]
 [    0     0 15000     0     0     0]
 [    0     0     0 14967    33     0]
 [    0     0     0  2934 12066     0]
 [    0     0     0     0     0 15000]]