Dataset : IP
N times : 25
TAU : 1
55.72250951312323 Overall accuracy (%)
51.234883994341665 Kappa accuracy (%)
66.38259329138366 Average accuracy (%)

              precision    recall  f1-score   support

           1       0.17      0.37      0.24        46
           2       0.52      0.36      0.42      1428
           3       0.27      0.35      0.30       830
           4       0.16      0.73      0.26       237
           5       0.87      0.81      0.84       483
           6       0.96      0.90      0.93       730
           7       0.08      0.71      0.14        28
           8       0.96      0.92      0.94       478
           9       0.03      0.95      0.06        20
          10       0.48      0.27      0.35       972
          11       0.69      0.42      0.52      2455
          12       0.50      0.51      0.51       593
          13       0.66      0.73      0.69       205
          14       0.98      0.85      0.91      1265
          15       0.64      0.75      0.69       386
          16       0.74      1.00      0.85        93

    accuracy                           0.56     10249
   macro avg       0.54      0.66      0.54     10249
weighted avg       0.66      0.56      0.59     10249

[[  17    0    0    0    0    0    0   16    0    0    0    0    0    0
    13    0]
 [   0  511  223  313    0    0    0    0   31  106  106  114    0    0
    24    0]
 [   0   95  287  169    0    0    0    0   58   23  148   49    0    0
     1    0]
 [   0   36   20  172    0    0    0    0    2    0    0    1    0    0
     6    0]
 [   0    0    1    0  393    0   55    0    0    0    0   19    0    2
    13    0]
 [   0    0    0    0    0  656    0    0   18    0    0    0   47    0
     9    0]
 [   0    0    0    0    3    0   20    0    0    0    0    0    0    5
     0    0]
 [  37    0    0    0    0    0    0  441    0    0    0    0    0    0
     0    0]
 [   0    0    0    1    0    0    0    0   19    0    0    0    0    0
     0    0]
 [   0  231  127   22    1    0    5    0   50  267  204   48    0    0
    17    0]
 [   0  107  376  285    0   11    0    0  412  160 1022   55    0    2
    25    0]
 [   0    4   12  135   51    0    1    0    0    4    5  303    0    0
    45   33]
 [   0    0    7    8    0   19    0    0   18    0    2    0  149    0
     2    0]
 [   7    0    0    0    2    0  177    0    0    0    0    0    0 1073
     6    0]
 [  37    0    0    1    0    0    4    0    0    0    0   17   31    8
   288    0]
 [   0    0    0    0    0    0    0    0    0    0    0    0    0    0
     0   93]]