Dataset : IP
N times : 25
TAU : 1
50.22929066250366 Overall accuracy (%)
44.98086880390898 Kappa accuracy (%)
62.744962239846444 Average accuracy (%)

              precision    recall  f1-score   support

           1       0.27      0.83      0.41        46
           2       0.38      0.25      0.30      1428
           3       0.19      0.45      0.27       830
           4       0.10      0.22      0.14       237
           5       0.70      0.83      0.76       483
           6       1.00      0.90      0.95       730
           7       0.23      0.89      0.36        28
           8       1.00      0.94      0.97       478
           9       0.06      1.00      0.11        20
          10       0.26      0.11      0.15       972
          11       0.65      0.36      0.46      2455
          12       0.30      0.41      0.34       593
          13       0.35      0.40      0.37       205
          14       0.96      0.90      0.93      1265
          15       0.58      0.59      0.58       386
          16       0.61      0.96      0.74        93

    accuracy                           0.50     10249
   macro avg       0.48      0.63      0.49     10249
weighted avg       0.57      0.50      0.51     10249

[[  38    0    0    0    6    0    0    1    0    0    0    1    0    0
     0    0]
 [   8  361  447  158   17    0    0    0   31   85  155  164    2    0
     0    0]
 [   0  139  372   72    0    0    0    0   18   44  137   48    0    0
     0    0]
 [   0   57   55   53   14    0    0    0    0   28   16    7    4    0
     3    0]
 [  36    0    0    1  401    0   14    0    0    0    0    0    4    1
    26    0]
 [   0    0    0    0    0  660    0    0   61    0    0    0    9    0
     0    0]
 [   0    0    0    0    1    0   25    0    0    0    0    0    0    1
     1    0]
 [  29    0    0    0    0    0    1  448    0    0    0    0    0    0
     0    0]
 [   0    0    0    0    0    0    0    0   20    0    0    0    0    0
     0    0]
 [   0  164  238  116    7    0    0    0   69  103  142  125    4    0
     0    4]
 [   0  164  803   70   48    0    0    0  153   85  883  227   20    0
     1    1]
 [  28   68   39   37   61    0    0    0    3   49    6  243    6    0
     0   53]
 [   0    0    7    5    0    0    0    0    3    0   17    0   82    0
    91    0]
 [   0    0    0    0   12    0   68    0    0    0    0    0    0 1143
    42    0]
 [   0    0    0    0    6    0    1    0    0    0    0    0  103   49
   227    0]
 [   0    0    0    0    0    0    0    0    0    0    0    4    0    0
     0   89]]