Dataset : IP
N times : 25
TAU : 1
95.56888888888889 Overall accuracy (%)
94.68266666666668 Kappa accuracy (%)
95.56888888888889 Average accuracy (%)

              precision    recall  f1-score   support

           0       1.00      0.95      0.97     15000
           1       0.99      0.97      0.98     15000
           2       0.93      1.00      0.96     15000
           3       0.85      1.00      0.92     15000
           4       1.00      0.82      0.90     15000
           5       1.00      1.00      1.00     15000

    accuracy                           0.96     90000
   macro avg       0.96      0.96      0.96     90000
weighted avg       0.96      0.96      0.96     90000

[[14217   155   628     0     0     0]
 [    8 14528   464     0     0     0]
 [    0     0 15000     0     0     0]
 [    0     0     0 14958    42     0]
 [    0     0     0  2691 12309     0]
 [    0     0     0     0     0 15000]]