Dataset : IP
N times : 25
TAU : 1
97.20555555555556 Overall accuracy (%)
96.64666666666668 Kappa accuracy (%)
97.20555555555555 Average accuracy (%)

              precision    recall  f1-score   support

           0       1.00      0.99      1.00     15000
           1       1.00      1.00      1.00     15000
           2       0.99      1.00      1.00     15000
           3       0.87      1.00      0.93     15000
           4       1.00      0.85      0.91     15000
           5       1.00      1.00      1.00     15000

    accuracy                           0.97     90000
   macro avg       0.98      0.97      0.97     90000
weighted avg       0.98      0.97      0.97     90000

[[14863     2   135     0     0     0]
 [    0 15000     0     0     0     0]
 [    0     0 15000     0     0     0]
 [    0     0     0 14972    28     0]
 [    0     0     0  2318 12681     1]
 [    0     0     0     0    31 14969]]