Dataset : IP
N times : 25
TAU : 1
53.2051907503171 Overall accuracy (%)
48.24384756213782 Kappa accuracy (%)
67.28391104943378 Average accuracy (%)

              precision    recall  f1-score   support

           1       0.43      0.93      0.59        46
           2       0.58      0.39      0.46      1428
           3       0.19      0.39      0.25       830
           4       0.14      0.35      0.20       237
           5       0.68      0.83      0.75       483
           6       1.00      0.88      0.94       730
           7       0.30      1.00      0.47        28
           8       1.00      0.90      0.95       478
           9       0.06      1.00      0.12        20
          10       0.32      0.16      0.21       972
          11       0.63      0.36      0.46      2455
          12       0.40      0.61      0.48       593
          13       0.37      0.35      0.36       205
          14       0.90      0.85      0.87      1265
          15       0.61      0.77      0.68       386
          16       0.65      1.00      0.78        93

    accuracy                           0.53     10249
   macro avg       0.52      0.67      0.54     10249
weighted avg       0.60      0.53      0.55     10249

[[  43    0    0    0    3    0    0    0    0    0    0    0    0    0
     0    0]
 [   0  550  286  210    6    0    0    0   24  117  134   91   10    0
     0    0]
 [   0   68  324   67    0    0    0    0   14   87  247   23    0    0
     0    0]
 [   0   54   71   84    5    0    0    0    0    6    1   16    0    0
     0    0]
 [   5    0    0    0  401    0   52    0    0    0    0    0    1   15
     9    0]
 [   0    0    0    0    0  643    0    0   77    0    0    0    7    0
     3    0]
 [   0    0    0    0    0    0   28    0    0    0    0    0    0    0
     0    0]
 [  48    0    0    0    0    0    0  430    0    0    0    0    0    0
     0    0]
 [   0    0    0    0    0    0    0    0   20    0    0    0    0    0
     0    0]
 [   0   83  274  129    3    0    0    0   34  154  123  170    1    1
     0    0]
 [   0  196  726  100   25    0    1    0  145   40  881  248   17   74
     2    0]
 [   5    3   14   24   43    0    0    0    4   71    0  359    2   17
     0   51]
 [   0    0   27    0    0    0    0    0    0    0    4    0   71    0
   103    0]
 [   0    0    0    0  105    0   11    0    0    0    0    1    2 1074
    72    0]
 [   0    0    0    0    0    0    0    0    0    0    0    0   79    9
   298    0]
 [   0    0    0    0    0    0    0    0    0    0    0    0    0    0
     0   93]]