Dataset : IP
N times : 25
TAU : 1
49.04868767684652 Overall accuracy (%)
44.09130536043241 Kappa accuracy (%)
65.76490262039533 Average accuracy (%)

              precision    recall  f1-score   support

           1       0.46      0.89      0.60        46
           2       0.52      0.25      0.34      1428
           3       0.14      0.38      0.21       830
           4       0.11      0.28      0.16       237
           5       0.86      0.83      0.84       483
           6       1.00      0.85      0.92       730
           7       0.34      0.96      0.50        28
           8       1.00      0.97      0.98       478
           9       0.09      1.00      0.16        20
          10       0.34      0.29      0.31       972
          11       0.49      0.18      0.27      2455
          12       0.39      0.68      0.50       593
          13       0.40      0.34      0.37       205
          14       0.96      0.88      0.92      1265
          15       0.56      0.80      0.66       386
          16       0.74      0.94      0.82        93

    accuracy                           0.49     10249
   macro avg       0.52      0.66      0.53     10249
weighted avg       0.57      0.49      0.50     10249

[[  41    0    0    0    3    0    0    1    0    0    0    1    0    0
     0    0]
 [   2  355  368  146    4    0    0    0   16  209  152  172    4    0
     0    0]
 [   0   60  318   46    0    0    0    0   20  123  237   23    3    0
     0    0]
 [   0   61   66   66    0    0    0    0    0   15   16   13    0    0
     0    0]
 [  18    0    0    0  400    0   32    0    0    0    0    0    5   19
     9    0]
 [   0    0    0    0    0  620    0    0  101    0    0    0    8    0
     1    0]
 [   0    0    0    0    1    0   27    0    0    0    0    0    0    0
     0    0]
 [   7    0    0    0    0    0    8  463    0    0    0    0    0    0
     0    0]
 [   0    0    0    0    0    0    0    0   20    0    0    0    0    0
     0    0]
 [   0   61  230  145    9    0    0    0    6  283   68  160   10    0
     0    0]
 [   0  137 1203  178   24    0    0    0   62  108  454  263   22    0
     4    0]
 [  22   13    1    6    6    0    0    0    3   95    1  406    9    0
     0   31]
 [   0    1   19    8    0    0    0    0    0    0    7    0   70    0
   100    0]
 [   0    0    0    0   10    0   13    0    0    0    0    0    2 1110
   130    0]
 [   0    0    0    0    7    0    0    0    0    0    0    0   41   31
   307    0]
 [   0    0    0    0    0    0    0    0    0    0    0    6    0    0
     0   87]]