Dataset : IP
N times : 25
TAU : 1
97.56777777777778 Overall accuracy (%)
97.08133333333333 Kappa accuracy (%)
97.56777777777778 Average accuracy (%)

              precision    recall  f1-score   support

           0       1.00      0.97      0.98     15000
           1       1.00      1.00      1.00     15000
           2       0.97      1.00      0.98     15000
           3       0.91      1.00      0.95     15000
           4       1.00      0.89      0.94     15000
           5       0.99      1.00      0.99     15000

    accuracy                           0.98     90000
   macro avg       0.98      0.98      0.98     90000
weighted avg       0.98      0.98      0.98     90000

[[14488    26   486     0     0     0]
 [    0 15000     0     0     0     0]
 [    0     0 15000     0     0     0]
 [    0     0     0 14997     3     0]
 [    0     0     0  1512 13327   161]
 [    0     0     0     0     1 14999]]