Dataset : IP
N times : 25
TAU : 1
49.087715874719485 Overall accuracy (%)
44.4567352819719 Kappa accuracy (%)
65.68919272887335 Average accuracy (%)

              precision    recall  f1-score   support

           1       0.23      0.83      0.36        46
           2       0.63      0.41      0.49      1428
           3       0.20      0.37      0.25       830
           4       0.11      0.48      0.18       237
           5       0.60      0.70      0.65       483
           6       1.00      0.91      0.95       730
           7       0.22      0.89      0.36        28
           8       0.99      0.90      0.94       478
           9       0.03      0.95      0.06        20
          10       0.22      0.12      0.15       972
          11       0.59      0.23      0.33      2455
          12       0.41      0.61      0.49       593
          13       0.49      0.58      0.53       205
          14       0.90      0.75      0.82      1265
          15       0.73      0.84      0.78       386
          16       0.78      0.96      0.86        93

    accuracy                           0.49     10249
   macro avg       0.51      0.66      0.51     10249
weighted avg       0.60      0.49      0.51     10249

[[ 38   0   0   0   2   0   0   4   0   0   0   0   0   2   0   0]
 [  2 582 148 310   3   0   0   0  36  68  88 191   0   0   0   0]
 [  0  30 304 162   1   0   0   0  28  74 199  32   0   0   0   0]
 [  0  58  35 113   0   0   0   0   0  19   1   8   1   0   0   2]
 [ 21   0   0   0 336   0  34   0   1   0   0   4   6  44  37   0]
 [  0   0   0   0   0 664   0   0  44   0   0   0  22   0   0   0]
 [  0   0   0   0   0   0  25   0   0   0   0   0   0   0   3   0]
 [ 46   0   0   0   0   0   2 430   0   0   0   0   0   0   0   0]
 [  0   0   1   0   0   0   0   0  19   0   0   0   0   0   0   0]
 [  0  81 291 224   5   0   0   0 101 115  86  67   0   2   0   0]
 [  0 161 743 128   9   0   0   0 361 237 559 209  25  11  12   0]
 [  0  13  16  74  31   0   0   0   2  13   7 364   5  45   0  23]
 [  0   0  18   1   0   0   0   0  22   5   3   0 119   0  37   0]
 [ 58   0   0   0 168   0  49   0   0   0   0   2   7 951  30   0]
 [  0   0   0   0   2   0   2   0   0   0   0   0  57   2 323   0]
 [  0   0   0   0   0   0   0   0   0   0   0   4   0   0   0  89]]