Dataset : IP
N times : 25
TAU : 1
96.62555555555555 Overall accuracy (%)
95.95066666666666 Kappa accuracy (%)
96.62555555555556 Average accuracy (%)

              precision    recall  f1-score   support

           0       1.00      1.00      1.00     15000
           1       1.00      1.00      1.00     15000
           2       1.00      1.00      1.00     15000
           3       0.84      1.00      0.91     15000
           4       1.00      0.80      0.89     15000
           5       1.00      1.00      1.00     15000

    accuracy                           0.97     90000
   macro avg       0.97      0.97      0.97     90000
weighted avg       0.97      0.97      0.97     90000

[[14927    43    30     0     0     0]
 [    0 15000     0     0     0     0]
 [    0     0 15000     0     0     0]
 [    0     0     0 14964    36     0]
 [    0     0     0  2928 12072     0]
 [    0     0     0     0     0 15000]]