91.50240591990492 Kappa accuracy (%)
93.82303839732889 Overall accuracy (%)
95.47115180399453 Average accuracy (%)

              precision    recall  f1-score   support

           0       0.98      0.98      0.98        41
           1       1.00      1.00      1.00       232
           2       0.96      1.00      0.98        23
           3       0.30      0.93      0.45        15
           4       0.99      0.83      0.91       200
           5       1.00      0.99      0.99        88

    accuracy                           0.94       599
   macro avg       0.87      0.95      0.88       599
weighted avg       0.98      0.94      0.95       599

[[ 40   0   1   0   0   0]
 [  1 231   0   0   0   0]
 [  0   0  23   0   0   0]
 [  0   0   0  14   1   0]
 [  0   0   0  33 167   0]
 [  0   0   0   0   1  87]]