93.54053533602928 Kappa accuracy (%)
95.32554257095158 Overall accuracy (%)
96.71934865900384 Average accuracy (%)

              precision    recall  f1-score   support

           0       0.85      1.00      0.92        41
           1       1.00      0.97      0.98       232
           2       1.00      1.00      1.00        23
           3       0.41      0.93      0.57        15
           4       0.99      0.90      0.94       200
           5       1.00      1.00      1.00        88

    accuracy                           0.95       599
   macro avg       0.88      0.97      0.90       599
weighted avg       0.97      0.95      0.96       599

[[ 41   0   0   0   0   0]
 [  7 225   0   0   0   0]
 [  0   0  23   0   0   0]
 [  0   0   0  14   1   0]
 [  0   0   0  20 180   0]
 [  0   0   0   0   0  88]]