92.21102068290294 Kappa accuracy (%)
94.32387312186978 Overall accuracy (%)
97.35057471264366 Average accuracy (%)

              precision    recall  f1-score   support

           0       1.00      1.00      1.00        41
           1       1.00      0.93      0.96       232
           2       0.59      1.00      0.74        23
           3       0.45      1.00      0.62        15
           4       1.00      0.91      0.95       200
           5       1.00      1.00      1.00        88

    accuracy                           0.94       599
   macro avg       0.84      0.97      0.88       599
weighted avg       0.97      0.94      0.95       599

[[ 41   0   0   0   0   0]
 [  0 216  16   0   0   0]
 [  0   0  23   0   0   0]
 [  0   0   0  15   0   0]
 [  0   0   0  18 182   0]
 [  0   0   0   0   0  88]]