Dataset : SA
N times : 1
TAU : 1.8
97.886379512795 Kappa accuracy (%)
98.39400428265525 Overall accuracy (%)
98.72063668688506 Average accuracy (%)

              precision    recall  f1-score   support

           0       0.99      1.00      1.00      2004
           1       0.93      1.00      0.97      1389
           2       1.00      0.97      0.98      3574
           3       1.00      0.98      0.99      6198
           4       0.93      0.99      0.96       911
           5       0.97      0.98      0.97      1802

    accuracy                           0.98     15878
   macro avg       0.97      0.99      0.98     15878
weighted avg       0.98      0.98      0.98     15878

[[2004    0    0    0    0    0]
 [   1 1388    0    0    0    0]
 [  10   99 3465    0    0    0]
 [   0    0    0 6101   40   57]
 [   0    0    0    0  905    6]
 [   0    0    0   12   30 1760]]