93.99667724141652 Kappa accuracy (%)
95.65943238731218 Overall accuracy (%)
97.22651174412795 Average accuracy (%)

              precision    recall  f1-score   support

           0       0.91      1.00      0.95        41
           1       1.00      0.99      0.99       232
           2       1.00      0.96      0.98        23
           3       0.41      1.00      0.58        15
           4       1.00      0.89      0.94       200
           5       1.00      1.00      1.00        88

    accuracy                           0.96       599
   macro avg       0.89      0.97      0.91       599
weighted avg       0.98      0.96      0.96       599

[[ 41   0   0   0   0   0]
 [  3 229   0   0   0   0]
 [  1   0  22   0   0   0]
 [  0   0   0  15   0   0]
 [  0   0   0  22 178   0]
 [  0   0   0   0   0  88]]