94.22374455643373 Kappa accuracy (%)
95.82637729549248 Overall accuracy (%)
97.40825623773479 Average accuracy (%)

              precision    recall  f1-score   support

           0       0.85      0.95      0.90        41
           1       1.00      0.95      0.97       232
           2       0.77      1.00      0.87        23
           3       0.58      1.00      0.73        15
           4       1.00      0.94      0.97       200
           5       1.00      1.00      1.00        88

    accuracy                           0.96       599
   macro avg       0.87      0.97      0.91       599
weighted avg       0.97      0.96      0.96       599

[[ 39   0   2   0   0   0]
 [  7 220   5   0   0   0]
 [  0   0  23   0   0   0]
 [  0   0   0  15   0   0]
 [  0   0   0  11 189   0]
 [  0   0   0   0   0  88]]