91.98171839443138 Kappa accuracy (%)
94.15692821368948 Overall accuracy (%)
97.20977011494253 Average accuracy (%)

              precision    recall  f1-score   support

           0       0.91      1.00      0.95        41
           1       1.00      0.95      0.98       232
           2       0.77      1.00      0.87        23
           3       0.38      1.00      0.56        15
           4       1.00      0.88      0.94       200
           5       1.00      1.00      1.00        88

    accuracy                           0.94       599
   macro avg       0.84      0.97      0.88       599
weighted avg       0.97      0.94      0.95       599

[[ 41   0   0   0   0   0]
 [  4 221   7   0   0   0]
 [  0   0  23   0   0   0]
 [  0   0   0  15   0   0]
 [  0   0   0  24 176   0]
 [  0   0   0   0   0  88]]