99.53019792079246 Kappa accuracy (%)
99.6661101836394 Overall accuracy (%)
99.51016260162602 Average accuracy (%)

              precision    recall  f1-score   support

           0       1.00      0.98      0.99        41
           1       1.00      1.00      1.00       232
           2       0.96      1.00      0.98        23
           3       0.94      1.00      0.97        15
           4       1.00      0.99      1.00       200
           5       1.00      1.00      1.00        88

    accuracy                           1.00       599
   macro avg       0.98      1.00      0.99       599
weighted avg       1.00      1.00      1.00       599

[[ 40   0   1   0   0   0]
 [  0 232   0   0   0   0]
 [  0   0  23   0   0   0]
 [  0   0   0  15   0   0]
 [  0   0   0   1 199   0]
 [  0   0   0   0   0  88]]