96.97250096225248 Kappa accuracy (%)
97.8297161936561 Overall accuracy (%)
98.92816091954023 Average accuracy (%)

              precision    recall  f1-score   support

           0       0.98      1.00      0.99        41
           1       1.00      1.00      1.00       232
           2       1.00      1.00      1.00        23
           3       0.56      1.00      0.71        15
           4       1.00      0.94      0.97       200
           5       1.00      1.00      1.00        88

    accuracy                           0.98       599
   macro avg       0.92      0.99      0.94       599
weighted avg       0.99      0.98      0.98       599

[[ 41   0   0   0   0   0]
 [  1 231   0   0   0   0]
 [  0   0  23   0   0   0]
 [  0   0   0  15   0   0]
 [  0   0   0  12 188   0]
 [  0   0   0   0   0  88]]