94.44390766127006 Kappa accuracy (%)
95.99332220367279 Overall accuracy (%)
97.04198205775162 Average accuracy (%)

              precision    recall  f1-score   support

           0       0.97      0.93      0.95        41
           1       1.00      1.00      1.00       232
           2       0.88      1.00      0.94        23
           3       0.43      1.00      0.60        15
           4       1.00      0.90      0.95       200
           5       1.00      1.00      1.00        88

    accuracy                           0.96       599
   macro avg       0.88      0.97      0.91       599
weighted avg       0.98      0.96      0.97       599

[[ 38   0   3   0   0   0]
 [  1 231   0   0   0   0]
 [  0   0  23   0   0   0]
 [  0   0   0  15   0   0]
 [  0   0   0  20 180   0]
 [  0   0   0   0   0  88]]