98.5928341823051 Kappa accuracy (%)
98.9983305509182 Overall accuracy (%)
98.53048780487805 Average accuracy (%)

              precision    recall  f1-score   support

           0       1.00      0.93      0.96        41
           1       1.00      1.00      1.00       232
           2       0.88      1.00      0.94        23
           3       0.83      1.00      0.91        15
           4       1.00      0.98      0.99       200
           5       1.00      1.00      1.00        88

    accuracy                           0.99       599
   macro avg       0.95      0.99      0.97       599
weighted avg       0.99      0.99      0.99       599

[[ 38   0   3   0   0   0]
 [  0 232   0   0   0   0]
 [  0   0  23   0   0   0]
 [  0   0   0  15   0   0]
 [  0   0   0   3 197   0]
 [  0   0   0   0   0  88]]