Dataset : BW
N times : 25
TAU : 1.8
93.39066666666666 Overall accuracy (%)
91.73833333333333 Kappa accuracy (%)
93.39066666666668 Average accuracy (%)

              precision    recall  f1-score   support

           0       0.95      0.83      0.89     15000
           1       0.89      1.00      0.94     15000
           2       0.93      0.86      0.89     15000
           3       0.91      0.98      0.94     15000
           4       1.00      1.00      1.00     15000

    accuracy                           0.93     75000
   macro avg       0.94      0.93      0.93     75000
weighted avg       0.94      0.93      0.93     75000

[[12446  1864   690     0     0]
 [    5 14995     0     0     0]
 [  576     0 12933  1477    14]
 [    7     0   289 14679    25]
 [    0     0     0    10 14990]]