Dataset : BW
N times : 25
TAU : 1.8
95.95066666666666 Overall accuracy (%)
94.93833333333333 Kappa accuracy (%)
95.95066666666668 Average accuracy (%)

              precision    recall  f1-score   support

           0       0.94      0.85      0.89     15000
           1       0.95      1.00      0.97     15000
           2       0.92      1.00      0.96     15000
           3       0.98      0.95      0.97     15000
           4       1.00      1.00      1.00     15000

    accuracy                           0.96     75000
   macro avg       0.96      0.96      0.96     75000
weighted avg       0.96      0.96      0.96     75000

[[12729   766  1274   231     0]
 [    0 15000     0     0     0]
 [   32     0 14968     0     0]
 [  725     8     0 14266     1]
 [    0     0     0     0 15000]]