Dataset : IP
N times : 20
TAU : 1.8
99.26333333333334 Overall accuracy (%)
99.116 Kappa accuracy (%)
99.26333333333334 Average accuracy (%)

              precision    recall  f1-score   support

           0       1.00      1.00      1.00     15000
           1       1.00      1.00      1.00     15000
           2       1.00      1.00      1.00     15000
           3       0.96      1.00      0.98     15000
           4       1.00      0.96      0.98     15000
           5       1.00      1.00      1.00     15000

    accuracy                           0.99     90000
   macro avg       0.99      0.99      0.99     90000
weighted avg       0.99      0.99      0.99     90000

[[14999     0     1     0     0     0]
 [    0 15000     0     0     0     0]
 [    0     0 15000     0     0     0]
 [    0     0     0 15000     0     0]
 [    0     0     0   662 14338     0]
 [    0     0     0     0     0 15000]]