Dataset : IP
N times : 20
TAU : 1.8
79.3638403746707 Overall accuracy (%)
76.67755108979439 Kappa accuracy (%)
83.36603709434065 Average accuracy (%)

              precision    recall  f1-score   support

           1       0.40      0.80      0.53        46
           2       0.61      0.71      0.65      1428
           3       0.79      0.88      0.83       830
           4       0.26      0.35      0.30       237
           5       0.88      0.92      0.90       483
           6       0.97      0.97      0.97       730
           7       0.44      0.96      0.61        28
           8       0.98      0.88      0.93       478
           9       0.32      1.00      0.49        20
          10       0.80      0.75      0.78       972
          11       0.81      0.66      0.73      2455
          12       0.83      0.78      0.80       593
          13       0.93      0.84      0.88       205
          14       0.98      0.96      0.97      1265
          15       0.97      0.95      0.96       386
          16       0.44      0.92      0.60        93

    accuracy                           0.79     10249
   macro avg       0.71      0.83      0.75     10249
weighted avg       0.81      0.79      0.80     10249

[[  37    0    0    0    0    0    0    8    0    0    0    0    0    1
     0    0]
 [   0 1015   33  168    0    0    0    0    0   16  185   10    0    0
     1    0]
 [   0   27  727   47    0    9    0    0    5    1    1    0   13    0
     0    0]
 [   0  113   26   82    0    0    0    0    0    5    5    5    0    1
     0    0]
 [   0    0    0    0  442    0   34    0    7    0    0    0    0    0
     0    0]
 [   0    0    1    0    0  711    0    0   18    0    0    0    0    0
     0    0]
 [   0    0    0    0    1    0   27    0    0    0    0    0    0    0
     0    0]
 [  56    0    0    0    0    0    0  422    0    0    0    0    0    0
     0    0]
 [   0    0    0    0    0    0    0    0   20    0    0    0    0    0
     0    0]
 [   0    0    0    0    1    1    0    0    0  731  181   46    0    4
     7    1]
 [   0  512  117   15    3    2    0    0    1  147 1619   20    0   19
     0    0]
 [   0   10    0    1    3    0    0    0    0   10    0  462    0    0
     0  107]
 [   0    0   15    0    0   10    0    0    7    0    0    0  173    0
     0    0]
 [   0    0    0    0   39    1    0    0    4    0    0    1    0 1215
     5    0]
 [   0    0    0    0   13    0    0    0    0    2    0    5    0    1
   365    0]
 [   0    0    0    0    0    0    0    0    0    0    0    7    0    0
     0   86]]