Dataset : IP
N times : 20
TAU : 1.8
88.70133671577715 Overall accuracy (%)
87.16506605550435 Kappa accuracy (%)
90.50901887426164 Average accuracy (%)

              precision    recall  f1-score   support

           1       0.69      1.00      0.81        46
           2       0.85      0.83      0.84      1428
           3       0.93      0.92      0.93       830
           4       0.51      0.75      0.61       237
           5       0.98      0.95      0.97       483
           6       1.00      1.00      1.00       730
           7       0.59      0.96      0.73        28
           8       1.00      0.96      0.98       478
           9       0.62      1.00      0.77        20
          10       0.81      0.84      0.82       972
          11       0.87      0.83      0.85      2455
          12       0.95      0.88      0.91       593
          13       0.90      0.63      0.74       205
          14       1.00      0.99      0.99      1265
          15       0.84      0.97      0.90       386
          16       0.58      0.97      0.73        93

    accuracy                           0.89     10249
   macro avg       0.82      0.91      0.85     10249
weighted avg       0.90      0.89      0.89     10249

[[  46    0    0    0    0    0    0    0    0    0    0    0    0    0
     0    0]
 [   0 1187    1   86    0    0    0    0    0    9  140    2    1    0
     2    0]
 [   0    1  763   62    0    0    0    0    1    0    0    0    3    0
     0    0]
 [   0   14   35  178    0    0    0    0    0    0    0   10    0    0
     0    0]
 [   0    0    0    0  459    0   17    0    6    0    0    0    0    0
     1    0]
 [   0    0    0    0    0  728    0    0    0    0    0    0    0    0
     2    0]
 [   0    0    0    0    1    0   27    0    0    0    0    0    0    0
     0    0]
 [  19    0    0    0    0    0    0  459    0    0    0    0    0    0
     0    0]
 [   0    0    0    0    0    0    0    0   20    0    0    0    0    0
     0    0]
 [   0    1    0    0    2    0    0    0    0  812  154    3    0    0
     0    0]
 [   2  188    5   16    5    2    1    0    0  182 2043    7    3    0
     1    0]
 [   0    0    0    5    1    0    1    0    0    0    0  521    0    0
     1   64]
 [   0    0   15    2    0    0    0    0    5    0    0    0  129    0
    54    0]
 [   0    0    0    0    0    0    0    0    0    0    0    0    0 1253
    12    0]
 [   0    0    0    0    0    0    0    0    0    0    0    0    8    2
   376    0]
 [   0    0    0    0    0    0    0    0    0    0    0    3    0    0
     0   90]]