Dataset : IP
N times : 20
TAU : 1.8
81.52990535662016 Overall accuracy (%)
79.14603370147898 Kappa accuracy (%)
82.30242523546696 Average accuracy (%)

              precision    recall  f1-score   support

           1       0.25      0.63      0.36        46
           2       0.75      0.82      0.78      1428
           3       0.86      0.85      0.86       830
           4       0.38      0.58      0.46       237
           5       0.95      0.54      0.69       483
           6       0.95      0.99      0.97       730
           7       0.11      0.93      0.19        28
           8       0.96      0.82      0.88       478
           9       0.56      1.00      0.71        20
          10       0.80      0.74      0.77       972
          11       0.86      0.71      0.78      2455
          12       0.75      0.93      0.83       593
          13       0.83      0.69      0.75       205
          14       0.98      1.00      0.99      1265
          15       0.87      0.97      0.92       386
          16       0.71      0.96      0.82        93

    accuracy                           0.82     10249
   macro avg       0.72      0.82      0.74     10249
weighted avg       0.85      0.82      0.82     10249

[[  29    0    0    0    0    0    1   16    0    0    0    0    0    0
     0    0]
 [   0 1170   12  113    0    1    0    0    0   15   95   14    3    3
     0    2]
 [   0   10  709   95    0    1    0    0    8    1    6    0    0    0
     0    0]
 [   0   57   25  138    0    0    0    0    0    0    1   15    0    0
     0    1]
 [   0    0    0    0  263    0  213    0    0    0    0    0    0    6
     1    0]
 [   0    0    0    0    0  726    0    0    2    0    0    0    1    0
     1    0]
 [   0    0    0    0    2    0   26    0    0    0    0    0    0    0
     0    0]
 [  87    0    0    0    0    0    0  391    0    0    0    0    0    0
     0    0]
 [   0    0    0    0    0    0    0    0   20    0    0    0    0    0
     0    0]
 [   0    7    2    0    0    5    0    0    3  721  168   62    1    3
     0    0]
 [   0  311   66   13   13   27    0    0    0  158 1744   89   13    9
     6    6]
 [   0    0    0    0    0    1    0    0    0    4    6  551    0    1
     3   27]
 [   0    0   14    0    0    1    0    0    3    0    3    0  142    0
    42    0]
 [   0    0    0    0    0    0    0    0    0    0    0    0    0 1264
     1    0]
 [   0    0    0    0    0    0    0    0    0    0    0    1   12    0
   373    0]
 [   0    2    0    0    0    0    0    0    0    0    0    2    0    0
     0   89]]