Dataset : IP
N times : 20
TAU : 1.8
97.68333333333334 Overall accuracy (%)
97.22 Kappa accuracy (%)
97.68333333333334 Average accuracy (%)

              precision    recall  f1-score   support

           0       1.00      0.97      0.98     15000
           1       1.00      1.00      1.00     15000
           2       0.97      1.00      0.99     15000
           3       0.90      1.00      0.95     15000
           4       1.00      0.89      0.94     15000
           5       1.00      1.00      1.00     15000

    accuracy                           0.98     90000
   macro avg       0.98      0.98      0.98     90000
weighted avg       0.98      0.98      0.98     90000

[[14531    16   453     0     0     0]
 [    2 14998     0     0     0     0]
 [    0     0 15000     0     0     0]
 [    0     0     0 14977    23     0]
 [    0     0     0  1591 13409     0]
 [    0     0     0     0     0 15000]]