Dataset : IP
N times : 20
TAU : 1.8
74.98292516343058 Overall accuracy (%)
71.9462964644166 Kappa accuracy (%)
77.78501769706622 Average accuracy (%)

              precision    recall  f1-score   support

           1       0.15      0.41      0.22        46
           2       0.61      0.65      0.63      1428
           3       0.78      0.82      0.80       830
           4       0.20      0.44      0.27       237
           5       0.96      0.81      0.88       483
           6       0.95      0.97      0.96       730
           7       0.26      1.00      0.41        28
           8       0.94      0.85      0.89       478
           9       0.31      1.00      0.48        20
          10       0.74      0.71      0.72       972
          11       0.84      0.59      0.69      2455
          12       0.66      0.81      0.72       593
          13       0.66      0.54      0.59       205
          14       1.00      0.99      0.99      1265
          15       0.80      0.87      0.83       386
          16       0.45      1.00      0.62        93

    accuracy                           0.75     10249
   macro avg       0.64      0.78      0.67     10249
weighted avg       0.79      0.75      0.76     10249

[[  19    0    0    0    0    0    1   24    0    0    0    2    0    0
     0    0]
 [   3  930   22  230    0    3    0    0    2   70  123   44    0    0
     1    0]
 [   0   52  678   75    0    0    0    0   11    0   12    0    2    0
     0    0]
 [   0   89   28  104    0    0    0    0    0    0    0   16    0    0
     0    0]
 [   2    0    0    0  393    0   78    0    0    0    0    0    1    5
     4    0]
 [   0    0    0    0    0  705    0    0   25    0    0    0    0    0
     0    0]
 [   0    0    0    0    0    0   28    0    0    0    0    0    0    0
     0    0]
 [  72    0    0    0    0    0    0  406    0    0    0    0    0    0
     0    0]
 [   0    0    0    0    0    0    0    0   20    0    0    0    0    0
     0    0]
 [   1    8    1    7    1    0    0    0    2  688  123   78    0    0
     0   63]
 [   0  438  114  104    4   37    0    0    0  171 1449  110    5    1
     7   15]
 [  32   17    4    3    1    1    0    0    0    0   18  479    0    0
     1   37]
 [   0    0   26    0    0    0    0    0    4    0    0    0  110    0
    65    0]
 [   0    0    0    0   10    0    0    0    0    0    0    0    0 1248
     7    0]
 [   0    0    0    0    2    0    0    0    0    0    0    0   49    0
   335    0]
 [   0    0    0    0    0    0    0    0    0    0    0    0    0    0
     0   93]]