Dataset : IP
N times : 20
TAU : 1.8
81.12986632842228 Overall accuracy (%)
78.74852169423856 Kappa accuracy (%)
82.85189701047206 Average accuracy (%)

              precision    recall  f1-score   support

           1       0.27      0.63      0.38        46
           2       0.66      0.82      0.73      1428
           3       0.80      0.94      0.87       830
           4       0.34      0.41      0.37       237
           5       0.98      0.93      0.95       483
           6       0.99      0.99      0.99       730
           7       0.46      0.93      0.61        28
           8       0.96      0.85      0.90       478
           9       0.49      1.00      0.66        20
          10       0.71      0.82      0.76       972
          11       0.90      0.62      0.73      2455
          12       0.87      0.81      0.84       593
          13       0.69      0.68      0.68       205
          14       1.00      0.99      0.99      1265
          15       0.89      0.88      0.88       386
          16       0.53      0.96      0.68        93

    accuracy                           0.81     10249
   macro avg       0.72      0.83      0.75     10249
weighted avg       0.84      0.81      0.81     10249

[[  29    0    0    0    0    0    0   17    0    0    0    0    0    0
     0    0]
 [   2 1170    0   72    0    0    0    0    1   84   71   28    0    0
     0    0]
 [   0    2  781   32    0    0    0    0    3    6    4    1    1    0
     0    0]
 [   0   94   31   98    0    0    0    0    2    0    0   12    0    0
     0    0]
 [   0    0    0    0  449    0   31    0    3    0    0    0    0    0
     0    0]
 [   1    0    0    0    0  720    0    0    0    0    0    0    6    1
     2    0]
 [   0    0    0    0    2    0   26    0    0    0    0    0    0    0
     0    0]
 [  71    0    0    0    0    0    0  407    0    0    0    0    0    0
     0    0]
 [   0    0    0    0    0    0    0    0   20    0    0    0    0    0
     0    0]
 [   0   23   34    4    0    0    0    0    5  797   97    9    3    0
     0    0]
 [   3  472  112   79    0    0    0    0    5  237 1519   16   10    1
     1    0]
 [   0   24    2    1    6    0    0    0    0    1    0  479    0    0
     0   80]
 [   0    0   15    2    0    6    0    0    2    3    6    0  140    0
    31    0]
 [   0    0    0    0    3    0    0    1    0    0    0    0    0 1251
    10    0]
 [   0    0    0    0    0    0    0    0    0    0    0    0   44    2
   340    0]
 [   0    0    0    0    0    0    0    0    0    0    0    4    0    0
     0   89]]