Dataset : BW
N times : 10
TAU : 1.8
95.65866666666668 Overall accuracy (%)
94.57333333333334 Kappa accuracy (%)
95.65866666666668 Average accuracy (%)

              precision    recall  f1-score   support

           0       0.95      0.83      0.89     15000
           1       0.92      1.00      0.96     15000
           2       0.92      0.96      0.94     15000
           3       1.00      0.99      1.00     15000
           4       1.00      1.00      1.00     15000

    accuracy                           0.96     75000
   macro avg       0.96      0.96      0.96     75000
weighted avg       0.96      0.96      0.96     75000

[[12453  1315  1232     0     0]
 [    9 14991     0     0     0]
 [  577     0 14422     1     0]
 [   68    20     0 14886    26]
 [    0     0     0     8 14992]]