Dataset : BW
N times : 10
TAU : 1.8
95.65466666666667 Overall accuracy (%)
94.56833333333333 Kappa accuracy (%)
95.65466666666667 Average accuracy (%)

              precision    recall  f1-score   support

           0       0.89      0.93      0.91     15000
           1       0.96      0.97      0.96     15000
           2       0.97      0.91      0.94     15000
           3       0.98      1.00      0.99     15000
           4       1.00      0.98      0.99     15000

    accuracy                           0.96     75000
   macro avg       0.96      0.96      0.96     75000
weighted avg       0.96      0.96      0.96     75000

[[13900   667   433     0     0]
 [  484 14510     6     0     0]
 [ 1310     0 13690     0     0]
 [    5     1     0 14981    13]
 [    0     0     0   340 14660]]