Dataset : IP
N times : 1
TAU : 1.8
62.14264806322568 Overall accuracy (%)
58.18853812772507 Kappa accuracy (%)
71.73416381834917 Average accuracy (%)

              precision    recall  f1-score   support

           1       0.13      0.63      0.22        46
           2       0.55      0.52      0.53      1428
           3       0.47      0.70      0.56       830
           4       0.23      0.68      0.34       237
           5       0.88      0.76      0.82       483
           6       0.98      0.84      0.91       730
           7       0.18      0.79      0.29        28
           8       0.94      0.62      0.75       478
           9       0.09      1.00      0.17        20
          10       0.54      0.49      0.51       972
          11       0.77      0.37      0.50      2455
          12       0.58      0.67      0.63       593
          13       0.62      0.73      0.67       205
          14       0.97      0.96      0.97      1265
          15       0.88      0.75      0.81       386
          16       0.20      0.96      0.33        93

    accuracy                           0.62     10249
   macro avg       0.56      0.72      0.56     10249
weighted avg       0.71      0.62      0.64     10249

[[  29    0    0    0    0    0    0   17    0    0    0    0    0    0
     0    0]
 [   0  740   54  372    0    0    0    0    0   91  112   56    1    0
     1    1]
 [   0   35  581   69    0    6    0    0   71    3   61    4    0    0
     0    0]
 [   0   48    8  160    0    0    0    0    0    0   15    6    0    0
     0    0]
 [   0    0    0    0  368    0   90    0    0    0    0   11    0    6
     8    0]
 [   0    0    4    0    0  616    0    0   80    1    0    0   28    0
     1    0]
 [   0    0    0    0    5    0   22    0    0    0    0    0    0    0
     1    0]
 [ 181    0    0    0    0    0    0  297    0    0    0    0    0    0
     0    0]
 [   0    0    0    0    0    0    0    0   20    0    0    0    0    0
     0    0]
 [   1   15   13    0    2    0    0    0   19  475   75   42    1    1
     1  327]
 [   0  464  539   89    9    1    0    0   11  251  912  167    1    6
     3    2]
 [  10   47   19    5    4    0    0    1    2   61    6  400    1    0
     3   34]
 [   0    0   15    0    0    8    0    0   17    0    3    0  150    0
    12    0]
 [   0    0    0    0   27    0   10    0    0    1    0    0    0 1219
     8    0]
 [   1    0    0    0    1    0    2    0    1    0    0    1   61   28
   291    0]
 [   0    0    0    0    0    0    0    0    0    4    0    0    0    0
     0   89]]