Dataset : IP
N times : 1
TAU : 1.8
71.88018343253 Overall accuracy (%)
68.44775742884502 Kappa accuracy (%)
77.70387731459765 Average accuracy (%)

              precision    recall  f1-score   support

           1       0.10      0.63      0.18        46
           2       0.50      0.74      0.60      1428
           3       0.72      0.86      0.78       830
           4       0.27      0.59      0.37       237
           5       0.96      0.68      0.80       483
           6       1.00      0.94      0.97       730
           7       0.35      0.96      0.51        28
           8       0.94      0.59      0.73       478
           9       0.15      1.00      0.27        20
          10       0.75      0.66      0.70       972
          11       0.83      0.53      0.65      2455
          12       0.72      0.52      0.61       593
          13       0.83      0.86      0.84       205
          14       1.00      0.96      0.98      1265
          15       0.91      0.92      0.92       386
          16       0.59      0.98      0.74        93

    accuracy                           0.72     10249
   macro avg       0.66      0.78      0.66     10249
weighted avg       0.79      0.72      0.73     10249

[[  29    1    0    0    0    0    0   16    0    0    0    0    0    0
     0    0]
 [  22 1050   28  133    0    0    0    0    0   57  102   35    0    0
     0    1]
 [   0    8  713   76    1    0    0    0    4    2   12   10    4    0
     0    0]
 [   0   55   20  141    0    0    0    0    0    0    0   20    0    0
     0    1]
 [   1    1    0   10  329    0   27    0   98    0    0   14    1    0
     2    0]
 [  22    2    0    0    1  684    0    0    1    0    7    1    4    0
     8    0]
 [   0    0    0    0    1    0   27    0    0    0    0    0    0    0
     0    0]
 [ 193    0    0    0    0    0    1  284    0    0    0    0    0    0
     0    0]
 [   0    0    0    0    0    0    0    0   20    0    0    0    0    0
     0    0]
 [   0   91   76   14    0    0    1    0    0  645  128   17    0    0
     0    0]
 [  12  785  102   74    0    1    0    1    1  160 1298   13    8    0
     0    0]
 [   3  104   35   66    0    0    0    2    3    1    6  310    1    1
     1   60]
 [   0    0   15    2    1    0    0    0    1    0    1    0  177    0
     8    0]
 [   0    0    3    3    8    0    1    0    2    0    0    8   11 1214
    14    1]
 [   0    0    0    0    0    0   21    0    0    0    1    1    8    0
   355    0]
 [   0    0    0    0    0    0    0    0    0    0    0    2    0    0
     0   91]]