Dataset : IP
N times : 1
TAU : 1.8
95.59777777777778 Overall accuracy (%)
94.71733333333333 Kappa accuracy (%)
95.5977777777778 Average accuracy (%)

              precision    recall  f1-score   support

           0       0.98      0.95      0.97     15000
           1       0.99      0.99      0.99     15000
           2       0.96      0.99      0.98     15000
           3       0.86      0.97      0.91     15000
           4       0.96      0.83      0.89     15000
           5       0.99      1.00      0.99     15000

    accuracy                           0.96     90000
   macro avg       0.96      0.96      0.96     90000
weighted avg       0.96      0.96      0.96     90000

[[14276   145   579     0     0     0]
 [   89 14907     4     0     0     0]
 [  155    16 14829     0     0     0]
 [    0     0     0 14547   440    13]
 [    0     0     0  2279 12509   212]
 [    0     0     0     1    29 14970]]