Dataset : IP
N times : 1
TAU : 1.8
76.32939799004781 Overall accuracy (%)
73.48884917488235 Kappa accuracy (%)
85.33827344661414 Average accuracy (%)

              precision    recall  f1-score   support

           1       0.24      0.96      0.38        46
           2       0.58      0.79      0.67      1428
           3       0.69      0.86      0.77       830
           4       0.50      0.71      0.58       237
           5       0.97      0.87      0.92       483
           6       0.99      0.97      0.98       730
           7       0.18      0.96      0.30        28
           8       0.99      0.77      0.87       478
           9       0.31      1.00      0.47        20
          10       0.71      0.76      0.73       972
          11       0.87      0.51      0.65      2455
          12       0.68      0.72      0.70       593
          13       0.91      0.92      0.91       205
          14       0.99      0.90      0.94      1265
          15       0.97      0.95      0.96       386
          16       0.63      0.99      0.77        93

    accuracy                           0.76     10249
   macro avg       0.70      0.85      0.73     10249
weighted avg       0.81      0.76      0.77     10249

[[  44    0    0    0    0    0    0    2    0    0    0    0    0    0
     0    0]
 [   4 1133    8   65    0    0    0    0    0   85   69   64    0    0
     0    0]
 [   0   22  717   37    1    1    0    0   25    2   17    6    2    0
     0    0]
 [   0   39   21  169    0    0    0    0    2    0    5    1    0    0
     0    0]
 [   1    0    2    1  422    0   31    0   11    0    0    2    0    9
     3    1]
 [   0    0   10    2    0  708    0    0    4    0    0    0    5    0
     1    0]
 [   0    0    0    0    1    0   27    0    0    0    0    0    0    0
     0    0]
 [ 108    0    0    0    0    0    0  370    0    0    0    0    0    0
     0    0]
 [   0    0    0    0    0    0    0    0   20    0    0    0    0    0
     0    0]
 [   2   68   24    6    0    0    0    0    0  739   97   35    1    0
     0    0]
 [  14  606  215   58    0    1    0    1    0  215 1263   76    0    1
     2    3]
 [   4   82   25    1    7    0    0    0    1    3    1  425    0    0
     0   44]
 [   0    0   10    0    0    4    0    0    2    0    0    0  188    0
     1    0]
 [   9    0    0    2    6    0   92    1    0    0    0    8    0 1141
     3    3]
 [   0    0    0    0    0    0    0    0    0    0    0    4   11    2
   365    4]
 [   0    0    0    0    0    0    0    0    0    0    0    1    0    0
     0   92]]