Dataset : IP
N times : 1
TAU : 1.8
95.05555555555556 Overall accuracy (%)
94.06666666666666 Kappa accuracy (%)
95.05555555555557 Average accuracy (%)

              precision    recall  f1-score   support

           0       0.98      0.94      0.96     15000
           1       1.00      0.99      0.99     15000
           2       0.95      0.99      0.97     15000
           3       0.84      0.98      0.91     15000
           4       0.96      0.81      0.88     15000
           5       0.99      0.99      0.99     15000

    accuracy                           0.95     90000
   macro avg       0.95      0.95      0.95     90000
weighted avg       0.95      0.95      0.95     90000

[[14153    57   790     0     0     0]
 [  168 14799    33     0     0     0]
 [   72     5 14923     0     0     0]
 [    0     0     0 14723   276     1]
 [    0     0     0  2741 12119   140]
 [    0     0     0     3   164 14833]]