Dataset : BW
N times : 10
TAU : 1.8
96.57066666666667 Overall accuracy (%)
95.71333333333334 Kappa accuracy (%)
96.57066666666665 Average accuracy (%)

              precision    recall  f1-score   support

           0       0.91      0.92      0.92     15000
           1       0.98      1.00      0.99     15000
           2       0.94      0.96      0.95     15000
           3       0.99      0.95      0.97     15000
           4       1.00      1.00      1.00     15000

    accuracy                           0.97     75000
   macro avg       0.97      0.97      0.97     75000
weighted avg       0.97      0.97      0.97     75000

[[13820   274   854    52     0]
 [   56 14944     0     0     0]
 [  575     8 14379    38     0]
 [  672     0    43 14285     0]
 [    0     0     0     0 15000]]