Dataset : SA
N times : 15
TAU : 1.8
97.90444444444445 Overall accuracy (%)
97.48533333333333 Kappa accuracy (%)
97.90444444444445 Average accuracy (%)

              precision    recall  f1-score   support

           0       0.98      1.00      0.99     15000
           1       1.00      1.00      1.00     15000
           2       1.00      0.93      0.96     15000
           3       0.97      0.99      0.98     15000
           4       0.99      1.00      1.00     15000
           5       0.93      0.96      0.95     15000

    accuracy                           0.98     90000
   macro avg       0.98      0.98      0.98     90000
weighted avg       0.98      0.98      0.98     90000

[[15000     0     0     0     0     0]
 [    0 15000     0     0     0     0]
 [  204     0 13938    21     0   837]
 [    0     0     0 14810     0   190]
 [    0     0     0     0 15000     0]
 [   46     0     6   499    83 14366]]