Dataset : SA
N times : 15
TAU : 1.8
98.81666666666666 Overall accuracy (%)
98.58 Kappa accuracy (%)
98.81666666666668 Average accuracy (%)

              precision    recall  f1-score   support

           0       1.00      1.00      1.00     15000
           1       1.00      1.00      1.00     15000
           2       1.00      0.99      0.99     15000
           3       0.95      1.00      0.97     15000
           4       1.00      1.00      1.00     15000
           5       0.98      0.94      0.96     15000

    accuracy                           0.99     90000
   macro avg       0.99      0.99      0.99     90000
weighted avg       0.99      0.99      0.99     90000

[[15000     0     0     0     0     0]
 [    0 15000     0     0     0     0]
 [    1     0 14809     0     0   190]
 [    0     1     0 14960    13    26]
 [    0     0     0     0 15000     0]
 [    0     5    52   763    14 14166]]