Dataset : SA
N times : 15
TAU : 1.8
97.97222222222223 Overall accuracy (%)
97.56666666666666 Kappa accuracy (%)
97.97222222222223 Average accuracy (%)

              precision    recall  f1-score   support

           0       0.96      1.00      0.98     15000
           1       1.00      1.00      1.00     15000
           2       0.98      0.98      0.98     15000
           3       0.96      0.99      0.97     15000
           4       1.00      1.00      1.00     15000
           5       1.00      0.91      0.95     15000

    accuracy                           0.98     90000
   macro avg       0.98      0.98      0.98     90000
weighted avg       0.98      0.98      0.98     90000

[[14999     0     0     0     0     1]
 [    0 15000     0     0     0     0]
 [  249    29 14638    48     0    36]
 [   80     0     0 14851    59    10]
 [    0     0     0     0 14982    18]
 [  364    11   283   635     2 13705]]