Dataset : SA
N times : 15
TAU : 1.8
98.26 Overall accuracy (%)
97.912 Kappa accuracy (%)
98.26 Average accuracy (%)

              precision    recall  f1-score   support

           0       0.99      1.00      1.00     15000
           1       1.00      1.00      1.00     15000
           2       1.00      0.96      0.98     15000
           3       0.95      0.97      0.96     15000
           4       1.00      1.00      1.00     15000
           5       0.95      0.97      0.96     15000

    accuracy                           0.98     90000
   macro avg       0.98      0.98      0.98     90000
weighted avg       0.98      0.98      0.98     90000

[[15000     0     0     0     0     0]
 [    0 15000     0     0     0     0]
 [   75     1 14407   242    23   252]
 [    0     0     3 14543     0   454]
 [    0     0     0     0 15000     0]
 [    3     0     0   469    44 14484]]