Dataset : SA
N times : 15
TAU : 1.8
95.53444444444445 Overall accuracy (%)
94.64133333333334 Kappa accuracy (%)
95.53444444444445 Average accuracy (%)

              precision    recall  f1-score   support

           0       0.97      1.00      0.98     15000
           1       1.00      1.00      1.00     15000
           2       0.88      0.91      0.90     15000
           3       0.99      1.00      0.99     15000
           4       0.99      1.00      1.00     15000
           5       0.90      0.83      0.86     15000

    accuracy                           0.96     90000
   macro avg       0.95      0.96      0.95     90000
weighted avg       0.95      0.96      0.95     90000

[[15000     0     0     0     0     0]
 [    0 15000     0     0     0     0]
 [    8    68 13603     0     0  1321]
 [    0     0     0 14990     0    10]
 [    0     0     0     0 15000     0]
 [  497     0  1783   216   116 12388]]