Dataset : IP
N times : 25
TAU : 2
98.74222222222222 Overall accuracy (%)
98.49066666666667 Kappa accuracy (%)
98.74222222222222 Average accuracy (%)

              precision    recall  f1-score   support

           0       1.00      1.00      1.00     15000
           1       1.00      1.00      1.00     15000
           2       1.00      1.00      1.00     15000
           3       0.94      1.00      0.97     15000
           4       1.00      0.93      0.96     15000
           5       0.99      1.00      0.99     15000

    accuracy                           0.99     90000
   macro avg       0.99      0.99      0.99     90000
weighted avg       0.99      0.99      0.99     90000

[[14999     0     1     0     0     0]
 [    2 14998     0     0     0     0]
 [    0     0 15000     0     0     0]
 [    0     0     0 15000     0     0]
 [    0     0     0   892 13889   219]
 [    0     0     0     0    18 14982]]