Dataset : IP
N times : 25
TAU : 2
83.86184017952971 Overall accuracy (%)
81.80639946394074 Kappa accuracy (%)
86.75918825200283 Average accuracy (%)

              precision    recall  f1-score   support

           1       0.22      1.00      0.36        46
           2       0.79      0.79      0.79      1428
           3       0.96      0.83      0.89       830
           4       0.41      0.74      0.52       237
           5       0.97      0.78      0.86       483
           6       1.00      0.98      0.99       730
           7       0.10      1.00      0.18        28
           8       1.00      0.76      0.86       478
           9       0.21      1.00      0.34        20
          10       0.88      0.80      0.84       972
          11       0.93      0.81      0.87      2455
          12       0.75      0.75      0.75       593
          13       0.75      0.85      0.80       205
          14       1.00      1.00      1.00      1265
          15       0.93      0.84      0.88       386
          16       0.53      0.96      0.68        93

    accuracy                           0.84     10249
   macro avg       0.71      0.87      0.73     10249
weighted avg       0.89      0.84      0.86     10249

[[  46    0    0    0    0    0    0    0    0    0    0    0    0    0
     0    0]
 [   9 1122    4  135    3    0    0    0    0   16   80   59    0    0
     0    0]
 [   0   20  692   99    3    0    0    0   12    0    1    3    0    0
     0    0]
 [   0   24   18  175    0    0    0    0    0    0    0   20    0    0
     0    0]
 [   0    4    0    1  378    0   24    0   64    5    6    1    0    0
     0    0]
 [   0    0    0    0    0  716    9    0    0    0    5    0    0    0
     0    0]
 [   0    0    0    0    0    0   28    0    0    0    0    0    0    0
     0    0]
 [ 117    0    0    0    0    0    0  361    0    0    0    0    0    0
     0    0]
 [   0    0    0    0    0    0    0    0   20    0    0    0    0    0
     0    0]
 [  12    6    0    0    0    0  129    0    0  778   45    2    0    0
     0    0]
 [   0  224    1   20    1    1   86    0    0   72 1986   56    0    0
     8    0]
 [  22   24    3    0    1    0    0    0    0   15    0  446    1    3
     0   78]
 [   0    0    2    2    5    0    0    0    0    0    3    5  175    0
    13    0]
 [   1    0    0    0    0    0    0    0    0    0    0    0    1 1260
     3    0]
 [   0    0    0    0    0    1    6    0    0    0    0    0   56    0
   323    0]
 [   0    0    0    0    0    0    0    0    0    0    0    4    0    0
     0   89]]