Dataset : IP
N times : 25
TAU : 2
85.01317201678212 Overall accuracy (%)
82.98662387315913 Kappa accuracy (%)
85.91799046983837 Average accuracy (%)

              precision    recall  f1-score   support

           1       0.19      0.78      0.31        46
           2       0.84      0.78      0.81      1428
           3       0.83      0.86      0.85       830
           4       0.36      0.70      0.48       237
           5       0.99      0.87      0.93       483
           6       0.99      1.00      0.99       730
           7       0.33      1.00      0.50        28
           8       0.96      0.82      0.89       478
           9       0.62      1.00      0.77        20
          10       0.75      0.62      0.68       972
          11       0.90      0.89      0.90      2455
          12       0.79      0.70      0.74       593
          13       0.91      0.78      0.84       205
          14       1.00      1.00      1.00      1265
          15       0.92      0.96      0.94       386
          16       0.65      0.98      0.78        93

    accuracy                           0.85     10249
   macro avg       0.75      0.86      0.78     10249
weighted avg       0.87      0.85      0.86     10249

[[  36    0    0    0    0    0    0    9    0    1    0    0    0    0
     0    0]
 [   0 1118   34  188    0    0    0    0    0   46   34    4    0    4
     0    0]
 [   0    9  712   86    0    0    0    0    8    0    0   15    0    0
     0    0]
 [   0   45   19  167    0    0    0    0    0    0    0    5    0    0
     0    1]
 [   0    1    0    0  422    0   52    0    1    5    2    0    0    0
     0    0]
 [   0    0    0    0    0  729    1    0    0    0    0    0    0    0
     0    0]
 [   0    0    0    0    0    0   28    0    0    0    0    0    0    0
     0    0]
 [  86    0    0    0    0    0    0  392    0    0    0    0    0    0
     0    0]
 [   0    0    0    0    0    0    0    0   20    0    0    0    0    0
     0    0]
 [  64   30    2    8    0    1    0    6    0  605  187   69    0    0
     0    0]
 [   0   84   27   10    3    7    3    0    0  111 2186   15    2    0
     7    0]
 [   1   43   40    1    1    0    0    0    1   31   13  414    0    0
     1   47]
 [   0    0   20    0    0    0    0    0    2    0    0    0  159    0
    24    0]
 [   0    1    0    0    0    0    0    0    0    2    0    0    0 1262
     0    0]
 [   0    0    0    0    0    0    0    0    0    1    0    0   13    0
   372    0]
 [   0    0    0    0    0    0    0    0    0    0    0    0    0    2
     0   91]]