Dataset : IP
N times : 25
TAU : 2
99.55222222222221 Overall accuracy (%)
99.46266666666666 Kappa accuracy (%)
99.55222222222221 Average accuracy (%)

              precision    recall  f1-score   support

           0       1.00      1.00      1.00     15000
           1       1.00      1.00      1.00     15000
           2       1.00      1.00      1.00     15000
           3       0.98      1.00      0.99     15000
           4       1.00      0.98      0.99     15000
           5       1.00      1.00      1.00     15000

    accuracy                           1.00     90000
   macro avg       1.00      1.00      1.00     90000
weighted avg       1.00      1.00      1.00     90000

[[15000     0     0     0     0     0]
 [   39 14959     2     0     0     0]
 [    0     0 15000     0     0     0]
 [    0     0     0 15000     0     0]
 [    0     0     0   362 14638     0]
 [    0     0     0     0     0 15000]]