Dataset : IP
N times : 25
TAU : 2
84.84730217582204 Overall accuracy (%)
82.90524092738293 Kappa accuracy (%)
88.50855873851432 Average accuracy (%)

              precision    recall  f1-score   support

           1       0.38      0.93      0.54        46
           2       0.71      0.70      0.71      1428
           3       0.85      0.87      0.86       830
           4       0.26      0.61      0.37       237
           5       0.99      0.87      0.92       483
           6       0.99      1.00      0.99       730
           7       0.39      1.00      0.57        28
           8       0.99      0.87      0.93       478
           9       0.59      1.00      0.74        20
          10       0.90      0.85      0.88       972
          11       0.93      0.78      0.85      2455
          12       0.76      0.92      0.83       593
          13       0.91      0.83      0.87       205
          14       1.00      0.99      1.00      1265
          15       0.97      0.96      0.96       386
          16       0.70      0.97      0.81        93

    accuracy                           0.85     10249
   macro avg       0.77      0.89      0.80     10249
weighted avg       0.88      0.85      0.86     10249

[[  43    0    0    0    0    0    0    3    0    0    0    0    0    0
     0    0]
 [   7 1004   23  253    0    0    0    0    0    3   19  119    0    0
     0    0]
 [   0   20  721   74    0    0    0    0    1    0    3    8    3    0
     0    0]
 [   0   48   26  145    0    0    0    0    0    0    2   16    0    0
     0    0]
 [   0    6    3    4  418    0   43    0    7    0    2    0    0    0
     0    0]
 [   0    0    0    0    0  729    0    0    0    0    1    0    0    0
     0    0]
 [   0    0    0    0    0    0   28    0    0    0    0    0    0    0
     0    0]
 [  61    0    0    0    0    0    0  417    0    0    0    0    0    0
     0    0]
 [   0    0    0    0    0    0    0    0   20    0    0    0    0    0
     0    0]
 [   1   23    0    0    0    2    0    0    0  831  115    0    0    0
     0    0]
 [   0  295   49   72    3    8    0    0    0   88 1906   29    0    0
     5    0]
 [   0    8    0    0    0    0    0    0    0    0    0  547    0    0
     0   38]
 [   0    0   23    0    0    0    0    0    5    0    0    0  170    0
     7    0]
 [   2    2    0    0    3    0    0    0    0    0    1    1    0 1255
     1    0]
 [   0    0    0    0    0    0    0    0    1    0    0    0   13    0
   372    0]
 [   0    0    0    0    0    0    0    0    0    0    0    3    0    0
     0   90]]