Dataset : IP
N times : 25
TAU : 2
87.27680749341398 Overall accuracy (%)
85.57441970501591 Kappa accuracy (%)
84.75092476784975 Average accuracy (%)

              precision    recall  f1-score   support

           1       0.25      0.72      0.37        46
           2       0.86      0.81      0.84      1428
           3       0.88      0.86      0.87       830
           4       0.42      0.71      0.53       237
           5       0.94      0.76      0.84       483
           6       0.98      0.99      0.99       730
           7       0.17      1.00      0.30        28
           8       0.96      0.80      0.88       478
           9       0.29      1.00      0.45        20
          10       0.95      0.96      0.95       972
          11       0.98      0.95      0.96      2455
          12       0.87      0.53      0.66       593
          13       0.62      0.82      0.71       205
          14       1.00      0.99      0.99      1265
          15       0.91      0.68      0.78       386
          16       0.33      0.97      0.49        93

    accuracy                           0.87     10249
   macro avg       0.71      0.85      0.73     10249
weighted avg       0.91      0.87      0.88     10249

[[  33    0    0    0    0    1    0   12    0    0    0    0    0    0
     0    0]
 [   6 1157   55  157    2    0    0    0    0    0   16   33    0    2
     0    0]
 [   0    7  713   67    5    0    0    0   26    1   11    0    0    0
     0    0]
 [   0   46   15  169    0    0    0    0    0    0    0    7    0    0
     0    0]
 [   0    0    2    5  368    2   62    0   22    5   14    0    0    0
     3    0]
 [   0    0    0    0    0  725    5    0    0    0    0    0    0    0
     0    0]
 [   0    0    0    0    0    0   28    0    0    0    0    0    0    0
     0    0]
 [  94    0    0    0    0    0    0  384    0    0    0    0    0    0
     0    0]
 [   0    0    0    0    0    0    0    0   20    0    0    0    0    0
     0    0]
 [   0    2    0    0    3    0   30    0    0  932    4    1    0    0
     0    0]
 [   1   68   17    2    3   11   11    0    0    7 2327    1    7    0
     0    0]
 [   0   49    0    0    5    0    0    2    0   38    0  314    0    0
     0  185]
 [   0    0    4    0    1    0    0    0    1    0    8    0  169    0
    22    0]
 [   0    9    0    0    2    0    0    0    0    0    0    0    1 1252
     1    0]
 [   0    0    0    0    3    0   25    0    0    0    0    0   94    0
   264    0]
 [   0    0    0    0    0    0    0    0    0    0    0    3    0    0
     0   90]]