Dataset : IP
N times : 25
TAU : 2
90.06732364133086 Overall accuracy (%)
88.73425549156728 Kappa accuracy (%)
91.06632493341347 Average accuracy (%)

              precision    recall  f1-score   support

           1       0.29      1.00      0.45        46
           2       0.88      0.86      0.87      1428
           3       0.90      0.87      0.88       830
           4       0.53      0.81      0.64       237
           5       0.92      0.86      0.89       483
           6       1.00      0.98      0.99       730
           7       0.21      1.00      0.35        28
           8       1.00      0.81      0.89       478
           9       0.69      1.00      0.82        20
          10       0.92      0.93      0.93       972
          11       0.95      0.90      0.92      2455
          12       0.84      0.89      0.86       593
          13       0.97      0.88      0.92       205
          14       1.00      0.99      0.99      1265
          15       0.99      0.88      0.93       386
          16       0.64      0.94      0.76        93

    accuracy                           0.90     10249
   macro avg       0.80      0.91      0.82     10249
weighted avg       0.92      0.90      0.91     10249

[[  46    0    0    0    0    0    0    0    0    0    0    0    0    0
     0    0]
 [  14 1223    3   64    0    0    0    0    0   10   96   18    0    0
     0    0]
 [   0   11  719   86    0    0    0    0    7    0    1    6    0    0
     0    0]
 [   0   10   22  192    0    0    0    0    0    0    6    7    0    0
     0    0]
 [   0    0    0    0  414    0   69    0    0    0    0    0    0    0
     0    0]
 [   0    0    0    0    3  719    0    0    0    0    6    0    0    0
     2    0]
 [   0    0    0    0    0    0   28    0    0    0    0    0    0    0
     0    0]
 [  93    0    0    0    0    0    0  385    0    0    0    0    0    0
     0    0]
 [   0    0    0    0    0    0    0    0   20    0    0    0    0    0
     0    0]
 [   0    3    0    0    0    0    0    0    0  904    4   61    0    0
     0    0]
 [   0  131   34   16    8    0    0    0    0   62 2203    1    0    0
     0    0]
 [   4    4    4    0    1    0    0    0    0    6    0  525    0    0
     0   49]
 [   0    0   16    6    1    0    0    0    2    0    0    0  180    0
     0    0]
 [   1    0    0    0   15    0    0    0    0    0    0    1    1 1247
     0    0]
 [   0    0    0    0    6    0   37    0    0    0    0    0    4    0
   339    0]
 [   0    0    0    0    0    0    0    0    0    0    0    6    0    0
     0   87]]