Dataset : SA
N times : 20
TAU : 1.8
96.38666666666667 Overall accuracy (%)
95.664 Kappa accuracy (%)
96.38666666666667 Average accuracy (%)

              precision    recall  f1-score   support

           0       0.95      0.99      0.97     15000
           1       0.96      1.00      0.98     15000
           2       1.00      0.92      0.96     15000
           3       0.93      0.95      0.94     15000
           4       0.99      1.00      1.00     15000
           5       0.95      0.92      0.94     15000

    accuracy                           0.96     90000
   macro avg       0.96      0.96      0.96     90000
weighted avg       0.96      0.96      0.96     90000

[[14908     0     8    18     0    66]
 [    0 15000     0     0     0     0]
 [  286   621 13764   186     0   143]
 [  210     0     0 14288    42   460]
 [    0     0     0     0 15000     0]
 [  257     0     3   862    90 13788]]