Dataset : SA
N times : 20
TAU : 1.8
98.35111111111111 Overall accuracy (%)
98.02133333333333 Kappa accuracy (%)
98.35111111111111 Average accuracy (%)

              precision    recall  f1-score   support

           0       1.00      1.00      1.00     15000
           1       1.00      1.00      1.00     15000
           2       1.00      0.99      1.00     15000
           3       0.97      0.95      0.96     15000
           4       0.99      1.00      0.99     15000
           5       0.95      0.96      0.95     15000

    accuracy                           0.98     90000
   macro avg       0.98      0.98      0.98     90000
weighted avg       0.98      0.98      0.98     90000

[[15000     0     0     0     0     0]
 [    0 15000     0     0     0     0]
 [    5     0 14866     0     0   129]
 [    0     0     0 14286    54   660]
 [    0     0     0     0 15000     0]
 [    5     0    14   514   103 14364]]