Dataset : SA
N times : 20
TAU : 1.8
97.63888888888889 Overall accuracy (%)
97.16666666666667 Kappa accuracy (%)
97.63888888888889 Average accuracy (%)

              precision    recall  f1-score   support

           0       0.99      1.00      0.99     15000
           1       0.97      1.00      0.98     15000
           2       0.97      0.95      0.96     15000
           3       0.95      1.00      0.97     15000
           4       1.00      1.00      1.00     15000
           5       0.99      0.91      0.95     15000

    accuracy                           0.98     90000
   macro avg       0.98      0.98      0.98     90000
weighted avg       0.98      0.98      0.98     90000

[[15000     0     0     0     0     0]
 [    0 15000     0     0     0     0]
 [  103   513 14290     0     0    94]
 [   24     0     0 14940     0    36]
 [    0     0     0     0 14998     2]
 [   70     0   449   834     0 13647]]