Dataset : SA
N times : 20
TAU : 1.8
98.59555555555556 Overall accuracy (%)
98.31466666666667 Kappa accuracy (%)
98.59555555555556 Average accuracy (%)

              precision    recall  f1-score   support

           0       0.97      1.00      0.98     15000
           1       1.00      1.00      1.00     15000
           2       1.00      0.97      0.98     15000
           3       0.98      1.00      0.99     15000
           4       0.99      1.00      1.00     15000
           5       0.98      0.95      0.96     15000

    accuracy                           0.99     90000
   macro avg       0.99      0.99      0.99     90000
weighted avg       0.99      0.99      0.99     90000

[[15000     0     0     0     0     0]
 [    0 15000     0     0     0     0]
 [   76     2 14563   112     0   247]
 [    0     0     0 14946     0    54]
 [    0     0     0     0 15000     0]
 [  445    34    11   149   134 14227]]