Dataset : SA
N times : 20
TAU : 1.8
98.71111111111112 Overall accuracy (%)
98.45333333333333 Kappa accuracy (%)
98.71111111111111 Average accuracy (%)

              precision    recall  f1-score   support

           0       1.00      1.00      1.00     15000
           1       1.00      1.00      1.00     15000
           2       0.99      0.94      0.97     15000
           3       1.00      1.00      1.00     15000
           4       0.99      1.00      1.00     15000
           5       0.94      0.99      0.96     15000

    accuracy                           0.99     90000
   macro avg       0.99      0.99      0.99     90000
weighted avg       0.99      0.99      0.99     90000

[[15000     0     0     0     0     0]
 [    0 15000     0     0     0     0]
 [    0     0 14072     1     0   927]
 [    0     0     0 14984     0    16]
 [    0     0     0     0 15000     0]
 [    0     0    84    48    84 14784]]