Dataset : SA
N times : 25
TAU : 1
94.17777777777778 Overall accuracy (%)
93.01333333333334 Kappa accuracy (%)
94.17777777777778 Average accuracy (%)

              precision    recall  f1-score   support

           0       0.85      0.98      0.91     15000
           1       0.99      1.00      1.00     15000
           2       0.98      0.84      0.90     15000
           3       0.88      1.00      0.93     15000
           4       1.00      1.00      1.00     15000
           5       0.99      0.84      0.91     15000

    accuracy                           0.94     90000
   macro avg       0.95      0.94      0.94     90000
weighted avg       0.95      0.94      0.94     90000

[[14702     0   245     3     0    50]
 [    0 15000     0     0     0     0]
 [ 2448     5 12536     0     9     2]
 [    0     0     0 14972     0    28]
 [    0     0     0     0 14952    48]
 [  115   127     9  2130    21 12598]]