Dataset : SA
N times : 25
TAU : 1
99.53 Overall accuracy (%)
99.436 Kappa accuracy (%)
99.53000000000002 Average accuracy (%)

              precision    recall  f1-score   support

           0       1.00      1.00      1.00     15000
           1       1.00      1.00      1.00     15000
           2       1.00      1.00      1.00     15000
           3       0.98      1.00      0.99     15000
           4       1.00      1.00      1.00     15000
           5       1.00      0.97      0.99     15000

    accuracy                           1.00     90000
   macro avg       1.00      1.00      1.00     90000
weighted avg       1.00      1.00      1.00     90000

[[15000     0     0     0     0     0]
 [    0 15000     0     0     0     0]
 [    0     4 14996     0     0     0]
 [    0     0     0 14993     7     0]
 [    0     0     0     0 15000     0]
 [   14     0    50   345     3 14588]]