Dataset : SA
N times : 25
TAU : 1
95.90666666666667 Overall accuracy (%)
95.088 Kappa accuracy (%)
95.90666666666667 Average accuracy (%)

              precision    recall  f1-score   support

           0       0.89      1.00      0.94     15000
           1       0.98      1.00      0.99     15000
           2       1.00      0.90      0.94     15000
           3       0.96      0.98      0.97     15000
           4       1.00      1.00      1.00     15000
           5       0.94      0.88      0.91     15000

    accuracy                           0.96     90000
   macro avg       0.96      0.96      0.96     90000
weighted avg       0.96      0.96      0.96     90000

[[14985     0     4     0     0    11]
 [    0 15000     0     0     0     0]
 [ 1073     0 13431     0     0   496]
 [    1     0     0 14672     1   326]
 [    0     0     0    31 14969     0]
 [  825   284     0   606    26 13259]]