Dataset : SA
N times : 25
TAU : 1
91.84777777777778 Overall accuracy (%)
90.21733333333333 Kappa accuracy (%)
91.84777777777778 Average accuracy (%)

              precision    recall  f1-score   support

           0       0.99      1.00      1.00     15000
           1       0.99      1.00      1.00     15000
           2       0.91      0.80      0.85     15000
           3       0.77      0.98      0.86     15000
           4       0.97      1.00      0.99     15000
           5       0.90      0.74      0.81     15000

    accuracy                           0.92     90000
   macro avg       0.92      0.92      0.92     90000
weighted avg       0.92      0.92      0.92     90000

[[15000     0     0     0     0     0]
 [    0 15000     0     0     0     0]
 [   33    94 11970  1742     0  1161]
 [    0     0     9 14654   279    58]
 [    0     0     0     0 15000     0]
 [   77     0  1151  2565   168 11039]]