Dataset : SA
N times : 25
TAU : 1
95.86333333333333 Overall accuracy (%)
95.036 Kappa accuracy (%)
95.86333333333332 Average accuracy (%)

              precision    recall  f1-score   support

           0       1.00      1.00      1.00     15000
           1       0.91      1.00      0.95     15000
           2       0.95      0.97      0.96     15000
           3       0.96      0.99      0.98     15000
           4       0.98      1.00      0.99     15000
           5       0.96      0.79      0.87     15000

    accuracy                           0.96     90000
   macro avg       0.96      0.96      0.96     90000
weighted avg       0.96      0.96      0.96     90000

[[15000     0     0     0     0     0]
 [    0 15000     0     0     0     0]
 [   70    15 14481     0     0   434]
 [    0     0     0 14875    20   105]
 [    0     0     0     0 15000     0]
 [    0  1545   720   590   224 11921]]