Dataset : KSC
N times : 25
TAU : 1
96.11733333333333 Overall accuracy (%)
95.14666666666668 Kappa accuracy (%)
96.11733333333333 Average accuracy (%)

              precision    recall  f1-score   support

           0       0.88      1.00      0.94     15000
           1       0.95      0.89      0.92     15000
           2       1.00      0.95      0.97     15000
           3       0.99      0.97      0.98     15000
           4       1.00      1.00      1.00     15000

    accuracy                           0.96     75000
   macro avg       0.96      0.96      0.96     75000
weighted avg       0.96      0.96      0.96     75000

[[15000     0     0     0     0]
 [ 1699 13286     0    15     0]
 [  309   315 14254   122     0]
 [   12   346    25 14548    69]
 [    0     0     0     0 15000]]