Dataset : KSC
N times : 25
TAU : 1
94.29733333333333 Overall accuracy (%)
92.87166666666667 Kappa accuracy (%)
94.29733333333333 Average accuracy (%)

              precision    recall  f1-score   support

           0       0.96      1.00      0.98     15000
           1       0.85      0.93      0.89     15000
           2       0.98      0.84      0.91     15000
           3       1.00      0.94      0.97     15000
           4       0.95      1.00      0.97     15000

    accuracy                           0.94     75000
   macro avg       0.95      0.94      0.94     75000
weighted avg       0.95      0.94      0.94     75000

[[14999     1     0     0     0]
 [  617 13965   299    10   109]
 [    0  2348 12652     0     0]
 [    2   186     0 14107   705]
 [    0     0     0     0 15000]]