Dataset : IP
N times : 25
TAU : 1
51.888888888888886 Overall accuracy (%)
42.26666666666665 Kappa accuracy (%)
51.888888888888886 Average accuracy (%)

              precision    recall  f1-score   support

           0       0.48      0.39      0.43       150
           1       0.53      0.46      0.49       150
           2       0.43      0.57      0.49       150
           3       0.50      0.61      0.55       150
           4       0.57      0.49      0.52       150
           5       0.64      0.59      0.62       150

    accuracy                           0.52       900
   macro avg       0.53      0.52      0.52       900
weighted avg       0.53      0.52      0.52       900

[[59 31 60  0  0  0]
 [30 69 51  0  0  0]
 [34 31 85  0  0  0]
 [ 0  0  0 92 36 22]
 [ 0  0  0 50 73 27]
 [ 0  0  0 41 20 89]]