Dataset : IP
N times : 25
TAU : 1
81.21767977363645 Overall accuracy (%)
78.88976795915461 Kappa accuracy (%)
86.01014727433021 Average accuracy (%)

              precision    recall  f1-score   support

           1       0.42      0.96      0.59        46
           2       0.72      0.53      0.61      1428
           3       0.75      0.66      0.70       830
           4       0.23      0.76      0.36       237
           5       0.94      0.72      0.81       483
           6       0.99      1.00      0.99       730
           7       0.18      0.93      0.30        28
           8       1.00      0.96      0.98       478
           9       0.16      1.00      0.28        20
          10       0.93      0.91      0.92       972
          11       0.93      0.81      0.87      2455
          12       0.67      0.82      0.74       593
          13       0.93      0.79      0.85       205
          14       0.99      0.98      0.99      1265
          15       0.95      0.95      0.95       386
          16       0.67      1.00      0.80        93

    accuracy                           0.81     10249
   macro avg       0.72      0.86      0.73     10249
weighted avg       0.86      0.81      0.83     10249

[[  44    0    0    0    0    0    0    1    0    1    0    0    0    0
     0    0]
 [   0  760   61  489    0    0    0    0    3    3   66   43    0    3
     0    0]
 [   0   28  549   84    0    1    0    0   80    7   28   52    0    0
     0    1]
 [   0   49    0  180    0    0    0    0    0    0    0    8    0    0
     0    0]
 [   9    0    3    0  347    0  118    0    0    1    1    4    0    0
     0    0]
 [   0    0    0    0    0  728    0    0    1    0    0    0    0    0
     1    0]
 [   0    0    0    0    2    0   26    0    0    0    0    0    0    0
     0    0]
 [  21    0    0    0    0    0    0  457    0    0    0    0    0    0
     0    0]
 [   0    0    0    0    0    0    0    0   20    0    0    0    0    0
     0    0]
 [  18    0    0    0    1    0    0    0    0  888   41   24    0    0
     0    0]
 [   0  216   72   13    0    9    0    0   10   38 1978  108    0    0
     4    7]
 [  12    5   16    9    3    0    0    0    3   18    3  486    0    0
     0   38]
 [   0    0   27    0    0    0    0    0    6    0    0    0  161    0
    11    0]
 [   0    0    0    0   18    0    0    0    0    0    0    0    0 1242
     5    0]
 [   0    0    0    0    0    0    0    0    2    0    0    0   13    6
   365    0]
 [   0    0    0    0    0    0    0    0    0    0    0    0    0    0
     0   93]]