Dataset : IP
N times : 25
TAU : 1
87.1597228997951 Overall accuracy (%)
85.47076622853416 Kappa accuracy (%)
87.69414610653354 Average accuracy (%)

              precision    recall  f1-score   support

           1       0.69      0.93      0.80        46
           2       0.82      0.70      0.76      1428
           3       0.92      0.90      0.91       830
           4       0.35      0.77      0.48       237
           5       0.94      0.59      0.72       483
           6       0.99      1.00      1.00       730
           7       0.46      0.89      0.61        28
           8       1.00      1.00      1.00       478
           9       0.11      1.00      0.19        20
          10       0.94      0.96      0.95       972
          11       0.95      0.90      0.92      2455
          12       0.83      0.69      0.75       593
          13       0.99      0.81      0.89       205
          14       1.00      0.98      0.99      1265
          15       0.93      0.99      0.96       386
          16       0.35      0.91      0.51        93

    accuracy                           0.87     10249
   macro avg       0.77      0.88      0.78     10249
weighted avg       0.91      0.87      0.88     10249

[[  43    0    0    0    0    2    0    0    0    1    0    0    0    0
     0    0]
 [  10 1000   29  267    5    0    0    0    0    0   64   41    0    0
     0   12]
 [   0    0  751   46    0    0    0    0    9    0   23    0    1    0
     0    0]
 [   0   36    5  183    0    0    0    0    0    0    0   11    0    0
     0    2]
 [   0    9    1    3  283    1   23    0  154    0    8    0    0    1
     0    0]
 [   0    0    0    0    0  730    0    0    0    0    0    0    0    0
     0    0]
 [   0    0    0    0    3    0   25    0    0    0    0    0    0    0
     0    0]
 [   2    0    0    0    0    0    0  476    0    0    0    0    0    0
     0    0]
 [   0    0    0    0    0    0    0    0   20    0    0    0    0    0
     0    0]
 [   4    3    0    0    1    0    0    0    0  935   23    6    0    0
     0    0]
 [   0  136   15    5    5    4    5    0    1   57 2200   20    0    0
     7    0]
 [   2   24    1    0    1    0    0    0    0    7    4  410    0    0
     0  144]
 [   0    0   16    0    0    0    0    0    2    0    0    0  166    0
    21    0]
 [   0    5    0   14    0    0    0    0    0    0    0    0    0 1245
     1    0]
 [   1    0    0    0    2    0    1    0    1    0    0    0    0    0
   381    0]
 [   0    0    0    1    0    0    0    0    0    0    0    6    0    1
     0   85]]