Dataset : IP
N times : 25
TAU : 1
88.62328032003123 Overall accuracy (%)
87.08407827927897 Kappa accuracy (%)
88.54508598460652 Average accuracy (%)

              precision    recall  f1-score   support

           1       0.29      0.98      0.44        46
           2       0.87      0.82      0.84      1428
           3       0.89      0.84      0.86       830
           4       0.19      0.27      0.22       237
           5       0.99      0.90      0.94       483
           6       0.99      1.00      0.99       730
           7       0.36      1.00      0.53        28
           8       1.00      0.77      0.87       478
           9       0.83      1.00      0.91        20
          10       0.83      0.91      0.87       972
          11       0.93      0.89      0.91      2455
          12       0.90      0.92      0.91       593
          13       0.99      0.89      0.94       205
          14       1.00      0.99      1.00      1265
          15       0.97      1.00      0.98       386
          16       0.68      1.00      0.81        93

    accuracy                           0.89     10249
   macro avg       0.79      0.89      0.81     10249
weighted avg       0.91      0.89      0.89     10249

[[  45    0    0    0    0    0    0    1    0    0    0    0    0    0
     0    0]
 [   2 1168   11  135    0    1    0    0    0   43   55   13    0    0
     0    0]
 [   0    1  699  113    0    0    0    0    1    0   11    4    1    0
     0    0]
 [   0   71   66   63    0    0    0    0    0    0   22   12    0    0
     0    3]
 [   1    0    0    0  434    0   47    0    1    0    0    0    0    0
     0    0]
 [   0    0    0    0    0  727    0    0    0    0    1    0    0    0
     2    0]
 [   0    0    0    0    0    0   28    0    0    0    0    0    0    0
     0    0]
 [ 108    0    0    0    0    0    2  368    0    0    0    0    0    0
     0    0]
 [   0    0    0    0    0    0    0    0   20    0    0    0    0    0
     0    0]
 [   0    0    0    1    0    0    0    0    0  884   66   21    0    0
     0    0]
 [   0  103    0   21    0    7    0    0    0  132 2184    6    0    0
     2    0]
 [   0    1    0    0    1    0    0    0    0    7    0  544    0    0
     0   40]
 [   0    0   12    0    0    0    0    0    2    0    0    0  182    0
     9    0]
 [   1    0    0    0    4    0    0    0    0    0    0    2    0 1258
     0    0]
 [   0    0    0    0    0    0    0    0    0    0    0    0    0    0
   386    0]
 [   0    0    0    0    0    0    0    0    0    0    0    0    0    0
     0   93]]