Dataset : IP
N times : 25
TAU : 0.6
99.50666666666666 Overall accuracy (%)
99.408 Kappa accuracy (%)
99.50666666666666 Average accuracy (%)

              precision    recall  f1-score   support

           0       1.00      0.99      0.99      3750
           1       1.00      1.00      1.00      3750
           2       0.99      1.00      0.99      3750
           3       0.98      1.00      0.99      3750
           4       1.00      0.98      0.99      3750
           5       1.00      1.00      1.00      3750

    accuracy                           1.00     22500
   macro avg       1.00      1.00      1.00     22500
weighted avg       1.00      1.00      1.00     22500

[[3704    0   46    0    0    0]
 [   7 3743    0    0    0    0]
 [   0    0 3750    0    0    0]
 [   0    0    0 3750    0    0]
 [   0    0    0   58 3692    0]
 [   0    0    0    0    0 3750]]