Dataset : IP
N times : 25
TAU : 0.6
99.07555555555555 Overall accuracy (%)
98.89066666666668 Kappa accuracy (%)
99.07555555555555 Average accuracy (%)

              precision    recall  f1-score   support

           0       1.00      0.99      1.00      3750
           1       1.00      1.00      1.00      3750
           2       0.99      1.00      1.00      3750
           3       0.95      1.00      0.98      3750
           4       1.00      0.95      0.98      3750
           5       1.00      1.00      1.00      3750

    accuracy                           0.99     22500
   macro avg       0.99      0.99      0.99     22500
weighted avg       0.99      0.99      0.99     22500

[[3731    0   19    0    0    0]
 [   8 3742    0    0    0    0]
 [   0    0 3750    0    0    0]
 [   0    0    0 3750    0    0]
 [   0    0    0  180 3570    0]
 [   0    0    0    0    1 3749]]