Dataset : IP
N times : 25
TAU : 0.6
98.38222222222223 Overall accuracy (%)
98.05866666666667 Kappa accuracy (%)
98.38222222222223 Average accuracy (%)

              precision    recall  f1-score   support

           0       1.00      0.98      0.99      3750
           1       1.00      1.00      1.00      3750
           2       0.98      1.00      0.99      3750
           3       0.93      1.00      0.96      3750
           4       1.00      0.93      0.96      3750
           5       1.00      1.00      1.00      3750

    accuracy                           0.98     22500
   macro avg       0.98      0.98      0.98     22500
weighted avg       0.98      0.98      0.98     22500

[[3667    1   82    0    0    0]
 [   5 3745    0    0    0    0]
 [   0    0 3750    0    0    0]
 [   0    0    0 3750    0    0]
 [   0    0    0  276 3474    0]
 [   0    0    0    0    0 3750]]