Dataset : BW
N times : 25
TAU : 1
97.79733333333334 Overall accuracy (%)
97.24666666666667 Kappa accuracy (%)
97.79733333333333 Average accuracy (%)

              precision    recall  f1-score   support

           0       0.96      0.95      0.95     15000
           1       0.98      1.00      0.99     15000
           2       0.97      0.98      0.98     15000
           3       0.99      0.97      0.98     15000
           4       0.99      0.99      0.99     15000

    accuracy                           0.98     75000
   macro avg       0.98      0.98      0.98     75000
weighted avg       0.98      0.98      0.98     75000

[[14277   304   419     0     0]
 [    0 14997     3     0     0]
 [  303     0 14697     0     0]
 [  354     0    19 14498   129]
 [    0     0     1   120 14879]]