Dataset : IP
N times : 25
TAU : 1.8
91.57966630890819 Overall accuracy (%)
90.44338412853911 Kappa accuracy (%)
91.88883932294016 Average accuracy (%)

              precision    recall  f1-score   support

           1       0.49      0.83      0.61        46
           2       0.86      0.88      0.87      1428
           3       0.92      0.85      0.89       830
           4       0.53      0.71      0.61       237
           5       0.99      0.87      0.92       483
           6       0.99      1.00      1.00       730
           7       0.34      1.00      0.50        28
           8       0.98      0.92      0.95       478
           9       0.61      1.00      0.75        20
          10       0.87      0.98      0.92       972
          11       0.97      0.89      0.93      2455
          12       0.92      0.87      0.90       593
          13       0.96      0.96      0.96       205
          14       1.00      0.99      1.00      1265
          15       0.98      1.00      0.99       386
          16       0.61      0.96      0.74        93

    accuracy                           0.92     10249
   macro avg       0.81      0.92      0.85     10249
weighted avg       0.93      0.92      0.92     10249

[[  38    0    0    0    0    0    0    8    0    0    0    0    0    0     0    0]
 [   0 1257   21   59    0    0    0    0    0   40   43    8    0    0     0    0]
 [   0    3  707   88    0    0    0    0    7    3   12    6    4    0     0    0]
 [   0   27   22  169    0    0    0    0    0    0    6   13    0    0     0    0]
 [   0    4    0    0  418    0   55    0    4    1    0    0    0    1     0    0]
 [   0    0    0    0    0  729    0    0    0    0    0    0    1    0     0    0]
 [   0    0    0    0    0    0   28    0    0    0    0    0    0    0     0    0]
 [  40    0    0    0    0    0    0  438    0    0    0    0    0    0     0    0]
 [   0    0    0    0    0    0    0    0   20    0    0    0    0    0     0    0]
 [   0    3    0    0    1    0    0    0    0  951   14    2    0    0     1    0]
 [   0  149    8    0    2    5    0    0    0   90 2186   11    4    0     0    0]
 [   0   13    0    0    1    0    0    0    1    4    0  516    0    0     0   58]
 [   0    0    7    0    0    0    0    0    1    0    0    0  197    0     0    0]
 [   0    0    0    0    0    0    0    0    0    0    0    0    0 1257     8    0]
 [   0    0    0    0    0    0    0    0    0    0    0    0    0    0   386    0]
 [   0    0    0    0    0    0    0    0    0    0    0    4    0    0     0   89]]