Dataset : IP
N times : 25
TAU : 1.8
99.86222222222221 Overall accuracy (%)
99.83466666666668 Kappa accuracy (%)
99.86222222222221 Average accuracy (%)

              precision    recall  f1-score   support

           0       1.00      1.00      1.00     15000
           1       1.00      1.00      1.00     15000
           2       1.00      1.00      1.00     15000
           3       0.99      1.00      1.00     15000
           4       1.00      0.99      1.00     15000
           5       1.00      1.00      1.00     15000

    accuracy                           1.00     90000
   macro avg       1.00      1.00      1.00     90000
weighted avg       1.00      1.00      1.00     90000

[[14992     0     8     0     0     0]
 [    1 14999     0     0     0     0]
 [    0     0 15000     0     0     0]
 [    0     0     0 15000     0     0]
 [    0     0     0   115 14885     0]
 [    0     0     0     0     0 15000]]