Dataset : IP
N times : 25
TAU : 1.8
97.7088888888889 Overall accuracy (%)
97.25066666666666 Kappa accuracy (%)
97.7088888888889 Average accuracy (%)

              precision    recall  f1-score   support

           0       0.94      0.94      0.94     15000
           1       1.00      1.00      1.00     15000
           2       0.94      0.94      0.94     15000
           3       0.99      1.00      0.99     15000
           4       1.00      0.99      0.99     15000
           5       1.00      1.00      1.00     15000

    accuracy                           0.98     90000
   macro avg       0.98      0.98      0.98     90000
weighted avg       0.98      0.98      0.98     90000

[[14105     1   894     0     0     0]
 [    0 14995     5     0     0     0]
 [  944     0 14056     0     0     0]
 [    0     0     0 14997     3     0]
 [    0     0     0   213 14785     2]
 [    0     0     0     0     0 15000]]