Dataset : IP
N times : 25
TAU : 1.8
96.45819104302859 Overall accuracy (%)
95.96248014889085 Kappa accuracy (%)
92.99120544353275 Average accuracy (%)

              precision    recall  f1-score   support

           1       0.61      0.87      0.71        46
           2       0.95      0.97      0.96      1428
           3       0.91      0.96      0.94       830
           4       0.62      0.41      0.49       237
           5       1.00      0.98      0.99       483
           6       1.00      1.00      1.00       730
           7       0.72      1.00      0.84        28
           8       0.99      0.95      0.97       478
           9       0.86      0.95      0.90        20
          10       0.98      1.00      0.99       972
          11       0.99      0.98      0.99      2455
          12       0.96      0.93      0.94       593
          13       0.98      0.94      0.96       205
          14       1.00      1.00      1.00      1265
          15       1.00      1.00      1.00       386
          16       0.65      0.96      0.78        93

    accuracy                           0.96     10249
   macro avg       0.89      0.93      0.90     10249
weighted avg       0.96      0.96      0.96     10249

[[  40    0    0    0    0    0    1    4    0    0    0    1    0    0
     0    0]
 [   0 1389    0   26    0    0    0    0    0    0   11    1    1    0
     0    0]
 [   0    0  796   32    0    0    0    0    0    0    0    0    2    0
     0    0]
 [   0   52   63   96    0    0    0    0    0    0    3   21    0    0
     0    2]
 [   0    0    0    0  471    0   10    0    2    0    0    0    0    0
     0    0]
 [   0    0    0    0    0  730    0    0    0    0    0    0    0    0
     0    0]
 [   0    0    0    0    0    0   28    0    0    0    0    0    0    0
     0    0]
 [  26    0    0    0    0    0    0  452    0    0    0    0    0    0
     0    0]
 [   0    0    1    0    0    0    0    0   19    0    0    0    0    0
     0    0]
 [   0    0    0    0    0    0    0    0    0  972    0    0    0    0
     0    0]
 [   0   17    0    0    0    0    0    0    0   24 2413    0    0    0
     0    1]
 [   0    0    0    0    0    0    0    0    0    0    0  549    0    0
     0   44]
 [   0    0   12    0    0    0    0    0    1    0    0    0  192    0
     0    0]
 [   0    0    0    0    0    0    0    0    0    0    0    0    0 1264
     1    0]
 [   0    0    0    0    0    0    0    0    0    0    0    0    0    0
   386    0]
 [   0    3    0    0    0    0    0    0    0    0    0    1    0    0
     0   89]]