Dataset : SA
N times : 25
TAU : 1.8
99.43888888888888 Overall accuracy (%)
99.32666666666667 Kappa accuracy (%)
99.43888888888888 Average accuracy (%)

              precision    recall  f1-score   support

           0       1.00      1.00      1.00     15000
           1       0.99      1.00      1.00     15000
           2       1.00      0.99      1.00     15000
           3       0.99      1.00      0.99     15000
           4       0.99      1.00      1.00     15000
           5       1.00      0.98      0.99     15000

    accuracy                           0.99     90000
   macro avg       0.99      0.99      0.99     90000
weighted avg       0.99      0.99      0.99     90000

[[15000     0     0     0     0     0]
 [    0 15000     0     0     0     0]
 [   37   101 14862     0     0     0]
 [    0     0     0 14933     0    67]
 [    0     0     0     0 15000     0]
 [    0     0     0   185   115 14700]]