Dataset : BW
N times : 1
TAU : 1.8
94.07333333333334 Overall accuracy (%)
92.59166666666667 Kappa accuracy (%)
94.07333333333334 Average accuracy (%)

              precision    recall  f1-score   support

           0       0.93      0.96      0.94     15000
           1       1.00      0.95      0.98     15000
           2       0.83      0.95      0.89     15000
           3       0.97      0.84      0.90     15000
           4       0.99      1.00      1.00     15000

    accuracy                           0.94     75000
   macro avg       0.94      0.94      0.94     75000
weighted avg       0.94      0.94      0.94     75000

[[14396    15   552    37     0]
 [  615 14322    60     3     0]
 [  416     6 14224   344    10]
 [   64     3  2213 12649    71]
 [    0     0    13    23 14964]]