Dataset : BW
N times : 1
TAU : 1.8
97.69733333333333 Overall accuracy (%)
97.12166666666666 Kappa accuracy (%)
97.69733333333332 Average accuracy (%)

              precision    recall  f1-score   support

           0       0.95      0.95      0.95     15000
           1       1.00      0.95      0.97     15000
           2       0.96      0.99      0.97     15000
           3       1.00      1.00      1.00     15000
           4       0.99      1.00      1.00     15000

    accuracy                           0.98     75000
   macro avg       0.98      0.98      0.98     75000
weighted avg       0.98      0.98      0.98     75000

[[14308    30   652    10     0]
 [  804 14182    13     1     0]
 [   25    14 14863    14    84]
 [    1     1    19 14945    34]
 [    0     0     3    22 14975]]