Dataset : BW
N times : 1
TAU : 1.8
96.11333333333333 Overall accuracy (%)
95.14166666666667 Kappa accuracy (%)
96.11333333333334 Average accuracy (%)

              precision    recall  f1-score   support

           0       0.99      0.89      0.94     15000
           1       0.95      1.00      0.97     15000
           2       0.94      0.98      0.96     15000
           3       0.98      0.94      0.96     15000
           4       0.96      0.99      0.97     15000

    accuracy                           0.96     75000
   macro avg       0.96      0.96      0.96     75000
weighted avg       0.96      0.96      0.96     75000

[[13423   762   807     8     0]
 [   52 14926    21     1     0]
 [  123     8 14724   136     9]
 [   18    32   181 14092   677]
 [    0     0     2    78 14920]]