Dataset : BW
N times : 1
TAU : 1.8
95.10533333333333 Overall accuracy (%)
93.88166666666666 Kappa accuracy (%)
95.10533333333333 Average accuracy (%)

              precision    recall  f1-score   support

           0       0.97      0.84      0.90     15000
           1       0.90      0.99      0.94     15000
           2       0.95      0.98      0.97     15000
           3       0.99      0.95      0.97     15000
           4       0.96      0.99      0.98     15000

    accuracy                           0.95     75000
   macro avg       0.95      0.95      0.95     75000
weighted avg       0.95      0.95      0.95     75000

[[12531  1711   754     2     2]
 [  146 14799    53     2     0]
 [  220    13 14753    13     1]
 [   11     0     1 14322   666]
 [    0     0     1    75 14924]]