Dataset : IP
N times : 25
TAU : 1.8
99.86333333333334 Overall accuracy (%)
99.836 Kappa accuracy (%)
99.86333333333334 Average accuracy (%)

              precision    recall  f1-score   support

           0       1.00      1.00      1.00     15000
           1       1.00      1.00      1.00     15000
           2       1.00      1.00      1.00     15000
           3       0.99      1.00      1.00     15000
           4       1.00      0.99      1.00     15000
           5       1.00      1.00      1.00     15000

    accuracy                           1.00     90000
   macro avg       1.00      1.00      1.00     90000
weighted avg       1.00      1.00      1.00     90000

[[14999     1     0     0     0     0]
 [    9 14991     0     0     0     0]
 [    0     0 15000     0     0     0]
 [    0     0     0 15000     0     0]
 [    0     0     0   113 14887     0]
 [    0     0     0     0     0 15000]]