Dataset : IP
N times : 25
TAU : 1.8
90.93570104400429 Overall accuracy (%)
89.71050702396052 Kappa accuracy (%)
90.27218922449345 Average accuracy (%)

              precision    recall  f1-score   support

           1       0.24      0.93      0.38        46
           2       0.90      0.92      0.91      1428
           3       0.95      0.87      0.91       830
           4       0.53      0.73      0.61       237
           5       1.00      0.71      0.83       483
           6       1.00      1.00      1.00       730
           7       0.18      1.00      0.30        28
           8       0.98      0.71      0.82       478
           9       0.62      1.00      0.77        20
          10       0.90      1.00      0.95       972
          11       0.97      0.92      0.95      2455
          12       0.95      0.77      0.85       593
          13       0.98      0.96      0.97       205
          14       1.00      0.99      0.99      1265
          15       0.97      0.99      0.98       386
          16       0.46      0.95      0.62        93

    accuracy                           0.91     10249
   macro avg       0.79      0.90      0.80     10249
weighted avg       0.94      0.91      0.92     10249

[[  43    0    0    0    0    0    0    3    0    0    0    0    0    0
     0    0]
 [   0 1312   12   36    0    0    0    0    0    0   60    7    0    0
     1    0]
 [   0    0  722  104    0    0    0    0    3    0    0    0    1    0
     0    0]
 [   0   35   20  172    0    0    0    0    0    0    0   10    0    0
     0    0]
 [   0    0    0    0  344    0  126    5    8    0    0    0    0    0
     0    0]
 [   0    0    0    0    0  730    0    0    0    0    0    0    0    0
     0    0]
 [   0    0    0    0    0    0   28    0    0    0    0    0    0    0
     0    0]
 [ 137    0    0    0    0    0    1  340    0    0    0    0    0    0
     0    0]
 [   0    0    0    0    0    0    0    0   20    0    0    0    0    0
     0    0]
 [   0    1    0    0    0    0    0    0    0  969    1    1    0    0
     0    0]
 [   0   75    5    0    0    1    0    0    0  103 2270    0    0    1
     0    0]
 [   0   33    1    0    1    0    0    0    1    0    0  454    0    0
     0  103]
 [   0    0    1    0    0    0    0    0    0    0    0    0  196    1
     7    0]
 [   0    0    0   12    0    0    1    0    0    0    0    0    0 1248
     4    0]
 [   0    0    0    0    0    0    0    0    0    0    0    0    2    0
   384    0]
 [   0    0    0    0    0    0    0    0    0    0    0    5    0    0
     0   88]]