Dataset : IP
N times : 25
TAU : 1.8
97.03385696165479 Overall accuracy (%)
96.62129202535732 Kappa accuracy (%)
94.12507876499502 Average accuracy (%)

              precision    recall  f1-score   support

           1       0.46      0.78      0.58        46
           2       0.98      0.99      0.98      1428
           3       0.97      0.93      0.95       830
           4       0.73      0.73      0.73       237
           5       1.00      0.97      0.98       483
           6       1.00      1.00      1.00       730
           7       0.52      0.96      0.67        28
           8       0.99      0.91      0.95       478
           9       0.67      1.00      0.80        20
          10       0.98      1.00      0.99       972
          11       1.00      0.98      0.99      2455
          12       0.96      0.97      0.96       593
          13       0.92      0.96      0.94       205
          14       1.00      1.00      1.00      1265
          15       0.97      0.96      0.96       386
          16       0.84      0.92      0.88        93

    accuracy                           0.97     10249
   macro avg       0.87      0.94      0.90     10249
weighted avg       0.97      0.97      0.97     10249

[[  36    0    0    0    0    0    6    4    0    0    0    0    0    0     0    0]
 [   0 1410    0    8    0    0    0    0    0    0    9    1    0    0     0    0]
 [   0    0  769   56    0    0    0    0    4    0    0    1    0    0     0    0]
 [   0   22   23  173    0    0    0    0    3    0    0   16    0    0     0    0]
 [   0    0    0    0  467    0   16    0    0    0    0    0    0    0     0    0]
 [   0    0    0    0    0  730    0    0    0    0    0    0    0    0     0    0]
 [   1    0    0    0    0    0   27    0    0    0    0    0    0    0     0    0]
 [  41    0    0    0    0    0    2  435    0    0    0    0    0    0     0    0]
 [   0    0    0    0    0    0    0    0   20    0    0    0    0    0     0    0]
 [   0    0    0    0    0    0    0    0    0  971    0    1    0    0     0    0]
 [   0   13    0    0    0    2    0    0    0   21 2418    0    0    0     1    0]
 [   0    0    0    0    0    0    0    0    0    0    0  577    0    0     0   16]
 [   0    0    0    0    0    0    0    0    3    0    0    0  196    0     6    0]
 [   0    0    0    0    0    0    1    0    0    0    0    0    0 1260     4    0]
 [   0    0    0    0    0    0    0    0    0    0    0    0   16    0   370    0]
 [   0    0    0    0    0    0    0    0    0    0    0    7    0    0     0   86]]