Dataset : IP
N times : 25
TAU : 1.8
97.28666666666666 Overall accuracy (%)
96.744 Kappa accuracy (%)
97.28666666666666 Average accuracy (%)

              precision    recall  f1-score   support

           0       0.96      0.91      0.94     15000
           1       1.00      0.99      1.00     15000
           2       0.91      0.96      0.94     15000
           3       0.97      1.00      0.98     15000
           4       1.00      0.96      0.98     15000
           5       1.00      1.00      1.00     15000

    accuracy                           0.97     90000
   macro avg       0.97      0.97      0.97     90000
weighted avg       0.97      0.97      0.97     90000

[[13709     5  1286     0     0     0]
 [    8 14920    72     0     0     0]
 [  538     0 14462     0     0     0]
 [    0     0     0 14999     1     0]
 [    0     0     0   532 14468     0]
 [    0     0     0     0     0 15000]]