Dataset : IP
N times : 25
TAU : 1.8
86.6328422285101 Overall accuracy (%)
84.84567348469416 Kappa accuracy (%)
87.79526638036 Average accuracy (%)

              precision    recall  f1-score   support

           1       0.35      0.80      0.49        46
           2       0.83      0.75      0.79      1428
           3       0.92      0.88      0.90       830
           4       0.38      0.68      0.49       237
           5       0.96      0.87      0.91       483
           6       0.95      1.00      0.97       730
           7       0.24      1.00      0.38        28
           8       0.99      0.88      0.93       478
           9       0.69      1.00      0.82        20
          10       0.87      0.86      0.87       972
          11       0.92      0.87      0.89      2455
          12       0.80      0.68      0.74       593
          13       0.82      0.92      0.87       205
          14       0.97      1.00      0.98      1265
          15       0.99      0.88      0.93       386
          16       0.52      0.97      0.67        93

    accuracy                           0.87     10249
   macro avg       0.76      0.88      0.79     10249
weighted avg       0.89      0.87      0.87     10249

[[  37    0    0    0    0    0    1    6    0    2    0    0    0    0
     0    0]
 [   0 1072    1  133    2    0    0    0    0   21  130   40    0   29
     0    0]
 [   0    0  734   85    1    2    0    0    5    0    1    2    0    0
     0    0]
 [   0   21   42  162    0    0    0    0    0    1    2    8    0    1
     0    0]
 [   0    0    0    0  418    0   63    0    2    0    0    0    0    0
     0    0]
 [   0    0    0    0    0  729    1    0    0    0    0    0    0    0
     0    0]
 [   0    0    0    0    0    0   28    0    0    0    0    0    0    0
     0    0]
 [  58    0    0    0    0    0    0  420    0    0    0    0    0    0
     0    0]
 [   0    0    0    0    0    0    0    0   20    0    0    0    0    0
     0    0]
 [   4    4    0    0    0    7   10    0    0  840   60   47    0    0
     0    0]
 [   0  187    2   35   11   30    5    0    0   43 2135    0    4    3
     0    0]
 [   5    5    8   14    5    0    3    0    0   60    0  403    0    6
     0   84]
 [   0    0   14    0    0    0    0    0    2    0    0    0  189    0
     0    0]
 [   0    0    0    0    0    0    0    0    0    0    0    0    0 1262
     3    0]
 [   1    0    0    0    0    0    7    0    0    0    0    0   38    0
   340    0]
 [   0    0    0    0    0    0    0    0    0    0    0    1    0    2
     0   90]]