Dataset : IP
N times : 25
TAU : 1.8
97.55222222222221 Overall accuracy (%)
97.06266666666666 Kappa accuracy (%)
97.55222222222223 Average accuracy (%)

              precision    recall  f1-score   support

           0       0.96      0.94      0.95     15000
           1       1.00      0.99      0.99     15000
           2       0.94      0.96      0.95     15000
           3       0.96      1.00      0.98     15000
           4       1.00      0.96      0.98     15000
           5       1.00      1.00      1.00     15000

    accuracy                           0.98     90000
   macro avg       0.98      0.98      0.98     90000
weighted avg       0.98      0.98      0.98     90000

[[14101    70   829     0     0     0]
 [   25 14893    82     0     0     0]
 [  593     0 14407     0     0     0]
 [    0     0     0 15000     0     0]
 [    0     0     0   604 14396     0]
 [    0     0     0     0     0 15000]]