Dataset : IP
N times : 25
TAU : 1.8
96.19475070738609 Overall accuracy (%)
95.66567171792322 Kappa accuracy (%)
92.57786624786874 Average accuracy (%)

              precision    recall  f1-score   support

           1       0.78      0.83      0.80        46
           2       0.96      0.94      0.95      1428
           3       0.93      0.98      0.95       830
           4       0.60      0.53      0.56       237
           5       1.00      0.99      0.99       483
           6       1.00      1.00      1.00       730
           7       0.74      0.93      0.83        28
           8       0.99      0.98      0.98       478
           9       0.57      1.00      0.73        20
          10       0.99      1.00      1.00       972
          11       0.99      0.98      0.99      2455
          12       0.91      0.87      0.89       593
          13       1.00      0.90      0.95       205
          14       1.00      1.00      1.00      1265
          15       1.00      1.00      1.00       386
          16       0.54      0.89      0.67        93

    accuracy                           0.96     10249
   macro avg       0.87      0.93      0.89     10249
weighted avg       0.96      0.96      0.96     10249

[[  38    0    0    0    0    0    1    4    0    0    0    3    0    0
     0    0]
 [   0 1341    0   72    0    0    0    0    0    0   15    0    0    0
     0    0]
 [   0    0  816   13    0    0    0    0    1    0    0    0    0    0
     0    0]
 [   0   28   48  126    0    0    0    0    0    0    0   34    0    0
     0    1]
 [   0    0    0    0  476    0    0    0    7    0    0    0    0    0
     0    0]
 [   0    0    0    0    0  730    0    0    0    0    0    0    0    0
     0    0]
 [   0    0    0    0    2    0   26    0    0    0    0    0    0    0
     0    0]
 [  11    0    0    0    0    0    0  467    0    0    0    0    0    0
     0    0]
 [   0    0    0    0    0    0    0    0   20    0    0    0    0    0
     0    0]
 [   0    0    0    0    0    0    1    0    0  970    0    1    0    0
     0    0]
 [   0   29    1    0    0    1    0    0    1    7 2416    0    0    0
     0    0]
 [   0    0    0    0    0    0    6    0    0    0    0  516    0    0
     0   71]
 [   0    0   14    0    0    0    0    0    6    0    0    0  184    0
     1    0]
 [   0    0    0    0    0    0    1    0    0    0    0    0    0 1264
     0    0]
 [   0    0    0    0    0    0    0    0    0    0    0    0    0    0
   386    0]
 [   0    0    0    0    0    0    0    0    0    0    0   10    0    0
     0   83]]