Dataset : SA
N times : 25
TAU : 1
96.73777777777778 Overall accuracy (%)
96.08533333333334 Kappa accuracy (%)
96.73777777777777 Average accuracy (%)

              precision    recall  f1-score   support

           0       1.00      1.00      1.00     15000
           1       1.00      1.00      1.00     15000
           2       1.00      1.00      1.00     15000
           3       0.87      0.95      0.91     15000
           4       0.97      1.00      0.99     15000
           5       0.97      0.85      0.91     15000

    accuracy                           0.97     90000
   macro avg       0.97      0.97      0.97     90000
weighted avg       0.97      0.97      0.97     90000

[[15000     0     0     0     0     0]
 [    0 15000     0     0     0     0]
 [   21     4 14975     0     0     0]
 [    0     0     0 14306   260   434]
 [    0     0     0     0 15000     0]
 [    0     0     0  2089   128 12783]]