Dataset : SA
N times : 1
TAU : 1.8
95.91 Overall accuracy (%)
95.092 Kappa accuracy (%)
95.91 Average accuracy (%)

              precision    recall  f1-score   support

           0       0.96      0.90      0.93     15000
           1       0.94      1.00      0.97     15000
           2       0.95      0.96      0.96     15000
           3       0.95      0.96      0.95     15000
           4       0.97      0.99      0.98     15000
           5       0.99      0.94      0.96     15000

    accuracy                           0.96     90000
   macro avg       0.96      0.96      0.96     90000
weighted avg       0.96      0.96      0.96     90000

[[13470   777   753     0     0     0]
 [   72 14926     2     0     0     0]
 [  453   126 14421     0     0     0]
 [    0     0     0 14466   337   197]
 [    0     0     0    77 14916     7]
 [    0     0     0   755   125 14120]]