Dataset : IP
N times : 25
TAU : 1
98.76888888888888 Overall accuracy (%)
98.52266666666667 Kappa accuracy (%)
98.7688888888889 Average accuracy (%)

              precision    recall  f1-score   support

           0       1.00      1.00      1.00     15000
           1       1.00      1.00      1.00     15000
           2       1.00      1.00      1.00     15000
           3       0.95      1.00      0.97     15000
           4       1.00      0.93      0.96     15000
           5       0.98      1.00      0.99     15000

    accuracy                           0.99     90000
   macro avg       0.99      0.99      0.99     90000
weighted avg       0.99      0.99      0.99     90000

[[14996     0     4     0     0     0]
 [    1 14998     1     0     0     0]
 [    0     0 15000     0     0     0]
 [    0     0     0 15000     0     0]
 [    0     0     0   855 13916   229]
 [    0     0     0     0    18 14982]]