Dataset : IP
N times : 25
TAU : 1
85.06195726412334 Overall accuracy (%)
83.13276317687321 Kappa accuracy (%)
88.01281487592627 Average accuracy (%)

              precision    recall  f1-score   support

           1       0.23      0.98      0.37        46
           2       0.81      0.83      0.82      1428
           3       0.96      0.84      0.89       830
           4       0.49      0.77      0.60       237
           5       0.95      0.89      0.92       483
           6       0.99      0.99      0.99       730
           7       0.09      1.00      0.17        28
           8       1.00      0.77      0.87       478
           9       0.44      1.00      0.62        20
          10       0.89      0.77      0.83       972
          11       0.92      0.81      0.86      2455
          12       0.77      0.77      0.77       593
          13       0.76      0.88      0.82       205
          14       0.99      1.00      1.00      1265
          15       0.96      0.83      0.89       386
          16       0.57      0.97      0.72        93

    accuracy                           0.85     10249
   macro avg       0.74      0.88      0.76     10249
weighted avg       0.89      0.85      0.87     10249

[[  45    0    0    0    0    0    0    1    0    0    0    0    0    0
     0    0]
 [  11 1181    4   78    2    0    0    0    0   14   97   41    0    0
     0    0]
 [   0   17  695   99   13    0    0    0    5    0    1    0    0    0
     0    0]
 [   0   20   13  183    0    0    0    0    0    0    0   21    0    0
     0    0]
 [   0    0    0    3  431    1   16    0   20    5    6    1    0    0
     0    0]
 [   0    0    0    0    0  721    6    0    0    0    3    0    0    0
     0    0]
 [   0    0    0    0    0    0   28    0    0    0    0    0    0    0
     0    0]
 [ 112    0    0    0    0    0    0  366    0    0    0    0    0    0
     0    0]
 [   0    0    0    0    0    0    0    0   20    0    0    0    0    0
     0    0]
 [   3    5    0    0    0    0  145    0    0  750   66    3    0    0
     0    0]
 [   1  214    4    7    3    2   98    0    0   61 1993   64    1    0
     7    0]
 [  27   18    5    3    0    0    0    0    0   11    6  455    0    1
     0   67]
 [   0    0    3    0    7    0    0    0    0    0    4    0  180    5
     6    0]
 [   1    0    0    0    0    0    0    0    0    0    0    0    3 1260
     1    0]
 [   0    0    0    0    0    2   11    0    0    0    0    0   52    1
   320    0]
 [   0    0    0    0    0    0    0    0    0    0    0    3    0    0
     0   90]]