Dataset : IP
N times : 25
TAU : 1
84.48629134549712 Overall accuracy (%)
82.38844350428205 Kappa accuracy (%)
86.74147328641017 Average accuracy (%)

              precision    recall  f1-score   support

           1       0.23      0.93      0.38        46
           2       0.85      0.73      0.79      1428
           3       0.83      0.84      0.83       830
           4       0.35      0.76      0.48       237
           5       0.99      0.85      0.91       483
           6       0.99      1.00      0.99       730
           7       0.29      1.00      0.46        28
           8       0.99      0.79      0.88       478
           9       0.51      1.00      0.68        20
          10       0.75      0.69      0.72       972
          11       0.90      0.90      0.90      2455
          12       0.78      0.60      0.68       593
          13       0.89      0.86      0.87       205
          14       1.00      1.00      1.00      1265
          15       0.96      0.95      0.95       386
          16       0.59      0.99      0.74        93

    accuracy                           0.84     10249
   macro avg       0.74      0.87      0.77     10249
weighted avg       0.87      0.84      0.85     10249

[[  43    0    0    0    0    0    0    2    0    1    0    0    0    0
     0    0]
 [   0 1039   38  216    0    0    0    0    0   65   61    4    0    5
     0    0]
 [   0    2  697  104    0    0    0    0   13    0    0   14    0    0
     0    0]
 [   0   42   11  181    0    0    0    0    0    0    0    2    0    0
     0    1]
 [   0    0    0    0  409    0   63    0    3    7    1    0    0    0
     0    0]
 [   0    0    0    0    0  729    1    0    0    0    0    0    0    0
     0    0]
 [   0    0    0    0    0    0   28    0    0    0    0    0    0    0
     0    0]
 [ 101    0    0    0    0    0    0  377    0    0    0    0    0    0
     0    0]
 [   0    0    0    0    0    0    0    0   20    0    0    0    0    0
     0    0]
 [  38   20    0    7    0    2    0    0    0  670  185   50    0    0
     0    0]
 [   0   59   30    9    2    8    3    0    0   91 2219   27    1    0
     6    0]
 [   0   54   48    7    1    0    0    0    1   52   13  353    1    0
     0   63]
 [   0    0   17    0    0    0    0    0    2    0    0    0  176    0
    10    0]
 [   0    0    0    0    0    0    0    0    0    3    0    0    0 1261
     1    0]
 [   1    0    0    0    0    0    0    0    0    0    0    0   20    0
   365    0]
 [   0    0    0    0    0    0    0    0    0    0    0    0    0    1
     0   92]]