Dataset : IP
N times : 25
TAU : 1
99.32111111111112 Overall accuracy (%)
99.18533333333333 Kappa accuracy (%)
99.32111111111111 Average accuracy (%)

              precision    recall  f1-score   support

           0       1.00      1.00      1.00     15000
           1       1.00      1.00      1.00     15000
           2       1.00      1.00      1.00     15000
           3       0.96      1.00      0.98     15000
           4       1.00      0.96      0.98     15000
           5       1.00      1.00      1.00     15000

    accuracy                           0.99     90000
   macro avg       0.99      0.99      0.99     90000
weighted avg       0.99      0.99      0.99     90000

[[14998     0     2     0     0     0]
 [    0 15000     0     0     0     0]
 [    0     0 15000     0     0     0]
 [    0     0     0 15000     0     0]
 [    0     0     0   609 14391     0]
 [    0     0     0     0     0 15000]]