Dataset : IP
N times : 25
TAU : 1
84.04722411942629 Overall accuracy (%)
82.02160315344732 Kappa accuracy (%)
88.15475284538672 Average accuracy (%)

              precision    recall  f1-score   support

           1       0.35      0.91      0.51        46
           2       0.73      0.74      0.73      1428
           3       0.83      0.86      0.84       830
           4       0.28      0.64      0.38       237
           5       0.98      0.86      0.91       483
           6       0.98      1.00      0.99       730
           7       0.34      1.00      0.50        28
           8       0.99      0.85      0.92       478
           9       0.61      1.00      0.75        20
          10       0.90      0.85      0.87       972
          11       0.91      0.74      0.82      2455
          12       0.75      0.91      0.82       593
          13       0.91      0.85      0.88       205
          14       1.00      0.99      1.00      1265
          15       0.96      0.94      0.95       386
          16       0.67      0.97      0.79        93

    accuracy                           0.84     10249
   macro avg       0.76      0.88      0.79     10249
weighted avg       0.87      0.84      0.85     10249

[[  42    0    0    0    0    0    0    4    0    0    0    0    0    0
     0    0]
 [   6 1053   20  196    0    0    0    0    0    3   28  122    0    0
     0    0]
 [   0   18  714   87    0    0    0    0    2    0    1    8    0    0
     0    0]
 [   0   49   15  151    0    0    0    0    0    0    5   17    0    0
     0    0]
 [   0    2    4    4  413    0   52    0    6    0    2    0    0    0
     0    0]
 [   0    0    0    0    0  729    0    0    0    0    1    0    0    0
     0    0]
 [   0    0    0    0    0    0   28    0    0    0    0    0    0    0
     0    0]
 [  70    0    0    0    0    0    0  408    0    0    0    0    0    0
     0    0]
 [   0    0    0    0    0    0    0    0   20    0    0    0    0    0
     0    0]
 [   0   12    0    0    1    1    0    0    0  822  136    0    0    0
     0    0]
 [   0  304   92  111    3   11    0    0    0   90 1811   29    0    0
     4    0]
 [   0    6    0    0    0    0    0    0    0    3    0  540    0    0
     0   44]
 [   0    0   15    0    0    0    0    0    4    0    0    0  175    0
    11    0]
 [   1    3    0    0    1    0    3    0    0    0    0    0    0 1254
     2    1]
 [   0    0    0    0    4    0    0    0    1    0    0    0   17    0
   364    0]
 [   0    0    0    0    0    0    0    0    0    0    0    3    0    0
     0   90]]