Dataset : IP
N times : 25
TAU : 1
88.2329983413016 Overall accuracy (%)
86.64405228573557 Kappa accuracy (%)
85.76794089483779 Average accuracy (%)

              precision    recall  f1-score   support

           1       0.28      0.80      0.42        46
           2       0.88      0.84      0.86      1428
           3       0.89      0.87      0.88       830
           4       0.43      0.63      0.52       237
           5       0.94      0.80      0.87       483
           6       0.98      1.00      0.99       730
           7       0.19      1.00      0.32        28
           8       0.97      0.81      0.88       478
           9       0.29      1.00      0.45        20
          10       0.96      0.96      0.96       972
          11       0.98      0.96      0.97      2455
          12       0.87      0.55      0.67       593
          13       0.62      0.92      0.74       205
          14       1.00      0.99      1.00      1265
          15       0.98      0.63      0.77       386
          16       0.33      0.96      0.49        93

    accuracy                           0.88     10249
   macro avg       0.72      0.86      0.74     10249
weighted avg       0.92      0.88      0.89     10249

[[  37    0    0    0    0    1    0    8    0    0    0    0    0    0
     0    0]
 [   4 1200   54  126    1    0    0    0    0    0   22   21    0    0
     0    0]
 [   0    6  720   62    5    0    0    0   25    0    7    5    0    0
     0    0]
 [   0   62   17  150    0    0    0    0    0    0    1    7    0    0
     0    0]
 [   0    0    0    3  388    0   45    0   24    2   19    2    0    0
     0    0]
 [   0    0    0    0    0  728    2    0    0    0    0    0    0    0
     0    0]
 [   0    0    0    0    0    0   28    0    0    0    0    0    0    0
     0    0]
 [  89    0    0    0    0    0    0  389    0    0    0    0    0    0
     0    0]
 [   0    0    0    0    0    0    0    0   20    0    0    0    0    0
     0    0]
 [   0    0    0    0    2    0   27    0    0  933    4    6    0    0
     0    0]
 [   0   45   14    4    4   13   12    0    0    8 2348    2    5    0
     0    0]
 [   0   46    0    0    6    0    0    5    0   30    1  325    0    0
     0  180]
 [   0    0    2    0    4    0    0    0    0    0    6    0  188    0
     5    0]
 [   1    7    0    0    0    0    0    0    0    0    0    0    0 1256
     1    0]
 [   0    0    0    0    2    0   31    0    0    0    0    0  109    0
   244    0]
 [   0    0    0    0    0    0    0    0    0    0    0    4    0    0
     0   89]]