Dataset : IP
N times : 25
TAU : 1
90.12586593814031 Overall accuracy (%)
88.80860177128575 Kappa accuracy (%)
90.82916354330783 Average accuracy (%)

              precision    recall  f1-score   support

           1       0.30      0.98      0.46        46
           2       0.87      0.87      0.87      1428
           3       0.89      0.83      0.86       830
           4       0.44      0.74      0.55       237
           5       0.93      0.88      0.90       483
           6       1.00      0.99      0.99       730
           7       0.26      1.00      0.42        28
           8       1.00      0.81      0.89       478
           9       0.65      1.00      0.78        20
          10       0.93      0.95      0.94       972
          11       0.97      0.89      0.93      2455
          12       0.88      0.89      0.88       593
          13       0.94      0.87      0.90       205
          14       1.00      0.98      0.99      1265
          15       1.00      0.91      0.95       386
          16       0.61      0.94      0.74        93

    accuracy                           0.90     10249
   macro avg       0.79      0.91      0.82     10249
weighted avg       0.92      0.90      0.91     10249

[[  45    0    0    0    0    0    0    1    0    0    0    0    0    0
     0    0]
 [   8 1248    2   81    0    0    0    0    0    9   66   14    0    0
     0    0]
 [   0    7  691  118    0    0    0    0    8    0    0    6    0    0
     0    0]
 [   0   23   29  175    0    0    0    0    0    0    2    8    0    0
     0    0]
 [   0    0    0    0  425    0   56    0    2    0    0    0    0    0
     0    0]
 [   0    0    0    1    3  722    0    0    0    0    3    0    0    0
     1    0]
 [   0    0    0    0    0    0   28    0    0    0    0    0    0    0
     0    0]
 [  91    0    0    0    0    0    0  387    0    0    0    0    0    0
     0    0]
 [   0    0    0    0    0    0    0    0   20    0    0    0    0    0
     0    0]
 [   3    3    0    0    0    0    0    0    0  925    2   39    0    0
     0    0]
 [   0  150   33   20    6    0    0    0    1   54 2190    1    0    0
     0    0]
 [   2    3    5    0    1    0    0    0    0    6    0  528    0    0
     0   48]
 [   0    0   19    6    1    0    0    0    0    0    0    0  179    0
     0    0]
 [   1    0    0    0   18    0    0    0    0    0    0    1    3 1235
     0    7]
 [   0    0    0    0    3    0   22    0    0    0    0    0    9    0
   352    0]
 [   0    0    0    0    0    0    0    0    0    1    0    5    0    0
     0   87]]