Dataset : IP
N times : 25
TAU : 1
99.49444444444444 Overall accuracy (%)
99.39333333333333 Kappa accuracy (%)
99.49444444444445 Average accuracy (%)

              precision    recall  f1-score   support

           0       1.00      1.00      1.00     15000
           1       1.00      1.00      1.00     15000
           2       1.00      1.00      1.00     15000
           3       0.97      1.00      0.99     15000
           4       1.00      0.97      0.98     15000
           5       1.00      1.00      1.00     15000

    accuracy                           0.99     90000
   macro avg       1.00      0.99      0.99     90000
weighted avg       1.00      0.99      0.99     90000

[[15000     0     0     0     0     0]
 [    7 14993     0     0     0     0]
 [    0     0 15000     0     0     0]
 [    0     0     0 15000     0     0]
 [    0     0     0   385 14562    53]
 [    0     0     0     0    10 14990]]