Dataset : BW
N times : 10
TAU : 1.8
94.99066666666667 Overall accuracy (%)
93.73833333333333 Kappa accuracy (%)
94.99066666666668 Average accuracy (%)

              precision    recall  f1-score   support

           0       0.92      0.82      0.87     15000
           1       0.96      1.00      0.98     15000
           2       0.87      0.93      0.90     15000
           3       1.00      0.99      1.00     15000
           4       1.00      1.00      1.00     15000

    accuracy                           0.95     75000
   macro avg       0.95      0.95      0.95     75000
weighted avg       0.95      0.95      0.95     75000

[[12313   571  2116     0     0]
 [    0 15000     0     0     0]
 [  990     0 14010     0     0]
 [   54    10    15 14920     1]
 [    0     0     0     0 15000]]