Dataset : IP
N times : 25
TAU : 1.8
97.38222222222223 Overall accuracy (%)
96.85866666666666 Kappa accuracy (%)
97.38222222222221 Average accuracy (%)

              precision    recall  f1-score   support

           0       0.99      0.94      0.96     15000
           1       1.00      0.99      0.99     15000
           2       0.94      1.00      0.97     15000
           3       0.93      1.00      0.97     15000
           4       1.00      0.91      0.96     15000
           5       0.99      1.00      0.99     15000

    accuracy                           0.97     90000
   macro avg       0.98      0.97      0.97     90000
weighted avg       0.98      0.97      0.97     90000

[[14092     0   908     0     0     0]
 [  163 14837     0     0     0     0]
 [    0     0 15000     0     0     0]
 [    0     0     0 15000     0     0]
 [    0     0     0  1075 13718   207]
 [    0     0     0     0     3 14997]]