Dataset : IP
N times : 25
TAU : 1.8
88.50619572641233 Overall accuracy (%)
86.96108731933305 Kappa accuracy (%)
89.69976476274837 Average accuracy (%)

              precision    recall  f1-score   support

           1       0.49      0.72      0.58        46
           2       0.89      0.71      0.79      1428
           3       0.95      0.88      0.91       830
           4       0.38      0.81      0.51       237
           5       0.99      0.88      0.93       483
           6       1.00      0.97      0.98       730
           7       0.31      1.00      0.47        28
           8       0.98      0.93      0.95       478
           9       0.31      1.00      0.47        20
          10       0.86      0.83      0.85       972
          11       0.91      0.91      0.91      2455
          12       0.82      0.96      0.89       593
          13       0.94      0.83      0.88       205
          14       1.00      0.99      0.99      1265
          15       0.95      0.97      0.96       386
          16       0.72      0.99      0.83        93

    accuracy                           0.89     10249
   macro avg       0.78      0.90      0.81     10249
weighted avg       0.91      0.89      0.89     10249

[[  33    0    0    0    0    0    3    9    0    0    0    1    0    0
     0    0]
 [   0 1009    3  256    0    0    0    0    1   13   58   80    0    0
     0    8]
 [   0    3  728   58    0    0    0    0   12    0   22    7    0    0
     0    0]
 [   0   34    4  191    0    0    0    0    0    0    0    7    0    1
     0    0]
 [   0    0    0    0  424    0   58    0    1    0    0    0    0    0
     0    0]
 [   0    0    0    0    1  705    0    0   24    0    0    0    0    0
     0    0]
 [   0    0    0    0    0    0   28    0    0    0    0    0    0    0
     0    0]
 [  32    0    0    0    0    0    1  445    0    0    0    0    0    0
     0    0]
 [   0    0    0    0    0    0    0    0   20    0    0    0    0    0
     0    0]
 [   0    1    0    0    0    0    0    0    0  806  146   16    0    0
     0    3]
 [   0   90    2    1    2    1    0    0    4  108 2225   10    0    0
     2   10]
 [   3    1    1    0    0    0    0    0    0    5    0  569    0    0
     0   14]
 [   0    0   25    0    0    1    0    0    3    0    0    0  170    0
     6    0]
 [   0    0    0    0    0    0    0    0    0    0    0    0    0 1253
    11    1]
 [   0    0    0    0    0    0    0    0    0    0    0    0   11    2
   373    0]
 [   0    1    0    0    0    0    0    0    0    0    0    0    0    0
     0   92]]