Dataset : IP
N times : 25
TAU : 1.8
95.92155332227534 Overall accuracy (%)
95.35817546068631 Kappa accuracy (%)
92.97206126739448 Average accuracy (%)

              precision    recall  f1-score   support

           1       0.38      0.59      0.46        46
           2       0.94      0.92      0.93      1428
           3       0.95      0.98      0.96       830
           4       0.63      0.75      0.68       237
           5       1.00      0.99      0.99       483
           6       1.00      0.99      1.00       730
           7       0.76      1.00      0.86        28
           8       0.97      0.91      0.94       478
           9       0.54      1.00      0.70        20
          10       0.97      0.99      0.98       972
          11       0.99      0.96      0.97      2455
          12       0.98      0.97      0.98       593
          13       1.00      0.85      0.92       205
          14       1.00      1.00      1.00      1265
          15       0.99      1.00      1.00       386
          16       0.79      0.98      0.88        93

    accuracy                           0.96     10249
   macro avg       0.87      0.93      0.89     10249
weighted avg       0.96      0.96      0.96     10249

[[  27    0    0    0    0    0    4   13    0    0    0    2    0    0
     0    0]
 [   0 1313    2   86    0    0    0    0    1    1   22    0    0    0
     0    3]
 [   0    0  811   17    0    0    0    0    2    0    0    0    0    0
     0    0]
 [   0   30   20  177    0    0    0    0    0    0    0   10    0    0
     0    0]
 [   0    0    0    0  478    0    5    0    0    0    0    0    0    0
     0    0]
 [   0    0    0    0    0  724    0    0    6    0    0    0    0    0
     0    0]
 [   0    0    0    0    0    0   28    0    0    0    0    0    0    0
     0    0]
 [  44    0    0    0    0    0    0  434    0    0    0    0    0    0
     0    0]
 [   0    0    0    0    0    0    0    0   20    0    0    0    0    0
     0    0]
 [   0    0    0    0    0    0    0    0    0  960   11    0    0    0
     0    1]
 [   0   55    1    0    1    0    0    0    1   26 2366    0    0    0
     1    4]
 [   0    0    0    0    0    0    0    0    0    0    0  577    0    0
     0   16]
 [   0    0   23    0    0    0    0    0    7    0    0    0  175    0
     0    0]
 [   0    0    0    0    0    0    0    0    0    0    0    0    0 1264
     1    0]
 [   0    0    0    0    0    0    0    0    0    0    0    0    0    0
   386    0]
 [   0    2    0    0    0    0    0    0    0    0    0    0    0    0
     0   91]]