Dataset : IP
N times : 25
TAU : 1.8
96.64888888888889 Overall accuracy (%)
95.97866666666667 Kappa accuracy (%)
96.64888888888889 Average accuracy (%)

              precision    recall  f1-score   support

           0       0.98      0.89      0.93     15000
           1       0.98      1.00      0.99     15000
           2       0.92      0.98      0.95     15000
           3       0.93      1.00      0.96     15000
           4       1.00      0.93      0.96     15000
           5       1.00      1.00      1.00     15000

    accuracy                           0.97     90000
   macro avg       0.97      0.97      0.97     90000
weighted avg       0.97      0.97      0.97     90000

[[13409   239  1352     0     0     0]
 [   18 14979     3     0     0     0]
 [  273     0 14727     0     0     0]
 [    0     0     0 14984    16     0]
 [    0     0     0  1115 13885     0]
 [    0     0     0     0     0 15000]]