Dataset : BW
N times : 25
TAU : 1.8
95.16133333333333 Overall accuracy (%)
93.95166666666667 Kappa accuracy (%)
95.16133333333332 Average accuracy (%)

              precision    recall  f1-score   support

           0       0.95      0.84      0.89     15000
           1       0.89      1.00      0.94     15000
           2       0.96      0.96      0.96     15000
           3       1.00      0.96      0.98     15000
           4       0.96      1.00      0.98     15000

    accuracy                           0.95     75000
   macro avg       0.95      0.95      0.95     75000
weighted avg       0.95      0.95      0.95     75000

[[12604  1817   579     0     0]
 [   41 14959     0     0     0]
 [  603     0 14397     0     0]
 [    5     4     0 14411   580]
 [    0     0     0     0 15000]]