Dataset : BW
N times : 25
TAU : 1.8
93.28133333333334 Overall accuracy (%)
91.60166666666667 Kappa accuracy (%)
93.28133333333334 Average accuracy (%)

              precision    recall  f1-score   support

           0       0.92      0.73      0.81     15000
           1       0.88      1.00      0.94     15000
           2       0.87      0.94      0.90     15000
           3       1.00      1.00      1.00     15000
           4       1.00      1.00      1.00     15000

    accuracy                           0.93     75000
   macro avg       0.93      0.93      0.93     75000
weighted avg       0.93      0.93      0.93     75000

[[10910  1966  2124     0     0]
 [   18 14982     0     0     0]
 [  905     0 14095     0     0]
 [    9     0     0 14976    15]
 [    0     0     0     2 14998]]