Dataset : BW
N times : 25
TAU : 1.8
93.39066666666666 Overall accuracy (%)
91.73833333333333 Kappa accuracy (%)
93.39066666666668 Average accuracy (%)

              precision    recall  f1-score   support

           0       0.98      0.72      0.83     15000
           1       0.84      1.00      0.91     15000
           2       0.91      0.96      0.93     15000
           3       0.99      1.00      0.99     15000
           4       0.97      0.99      0.98     15000

    accuracy                           0.93     75000
   macro avg       0.94      0.93      0.93     75000
weighted avg       0.94      0.93      0.93     75000

[[10869  2793  1338     0     0]
 [    0 15000     0     0     0]
 [  272     0 14329    13   386]
 [    3     0    34 14960     3]
 [    0     0     0   115 14885]]