Dataset : IP
N times : 25
TAU : 1.5
90.77958825251244 Overall accuracy (%)
89.5331808413897 Kappa accuracy (%)
89.29579831226067 Average accuracy (%)

              precision    recall  f1-score   support

           1       0.34      0.76      0.47        46
           2       0.92      0.82      0.87      1428
           3       0.93      0.88      0.91       830
           4       0.46      0.73      0.56       237
           5       0.96      0.80      0.87       483
           6       0.99      1.00      0.99       730
           7       0.19      0.93      0.32        28
           8       0.94      0.92      0.93       478
           9       0.51      1.00      0.68        20
          10       0.89      0.96      0.93       972
          11       0.97      0.94      0.95      2455
          12       0.91      0.75      0.82       593
          13       0.99      0.86      0.92       205
          14       0.99      1.00      1.00      1265
          15       0.95      0.95      0.95       386
          16       0.56      0.99      0.71        93

    accuracy                           0.91     10249
   macro avg       0.78      0.89      0.80     10249
weighted avg       0.93      0.91      0.91     10249

[[  35    0    0    0    0    0    0   11    0    0    0    0    0    0
     0    0]
 [   0 1177   15  117    0    0    0    0    0   35   43   33    0    6
     0    2]
 [   0    2  731   87    0    0    0    0   10    0    0    0    0    0
     0    0]
 [   0   36   25  172    0    0    0    0    0    0    0    4    0    0
     0    0]
 [   4    0    0    0  386    0   92    0    1    0    0    0    0    0
     0    0]
 [   0    0    0    0    0  727    0    0    1    0    0    0    0    0
     2    0]
 [   0    0    0    0    2    0   26    0    0    0    0    0    0    0
     0    0]
 [  40    0    0    0    0    0    0  438    0    0    0    0    0    0
     0    0]
 [   0    0    0    0    0    0    0    0   20    0    0    0    0    0
     0    0]
 [   3    0    0    0    1    0    0    0    0  937   24    7    0    0
     0    0]
 [   8   43    0    1    4    9    0    0    3   74 2311    0    0    1
     1    0]
 [  12   23    5    0    7    0    0   18    2    5    5  445    0    0
     0   71]
 [   0    0    8    0    0    0    0    0    2    0    2    0  177    0
    16    0]
 [   0    0    0    0    1    0    0    0    0    0    0    0    0 1264
     0    0]
 [   0    0    0    0    0    0   18    0    0    0    0    0    2    0
   366    0]
 [   0    0    0    0    0    0    0    0    0    0    0    1    0    0
     0   92]]