Dataset : IP
N times : 25
TAU : 1.8
0.0 Overall accuracy (%)
-16.129032258064523 Kappa accuracy (%)
0.0 Average accuracy (%)

              precision    recall  f1-score   support

           0       0.00      0.00      0.00       0.0
           1       0.00      0.00      0.00      15.0
           2       0.00      0.00      0.00      15.0
           3       0.00      0.00      0.00      15.0
           4       0.00      0.00      0.00      15.0
           5       0.00      0.00      0.00      15.0
           6       0.00      0.00      0.00      15.0

    accuracy                           0.00      90.0
   macro avg       0.00      0.00      0.00      90.0
weighted avg       0.00      0.00      0.00      90.0

[[ 0  0  0  0  0  0  0]
 [15  0  0  0  0  0  0]
 [ 0 15  0  0  0  0  0]
 [ 0  0 15  0  0  0  0]
 [ 0  0  0 15  0  0  0]
 [ 0  0  0  0 15  0  0]
 [ 0  0  0  0  0 15  0]]