Dataset : IP
N times : 1
TAU : 1.8
36.22222222222222 Overall accuracy (%)
23.46666666666667 Kappa accuracy (%)
36.22222222222222 Average accuracy (%)

              precision    recall  f1-score   support

           0       0.33      0.31      0.32       150
           1       0.31      0.30      0.31       150
           2       0.38      0.42      0.40       150
           3       0.34      0.39      0.37       150
           4       0.41      0.45      0.43       150
           5       0.40      0.31      0.35       150

    accuracy                           0.36       900
   macro avg       0.36      0.36      0.36       900
weighted avg       0.36      0.36      0.36       900

[[46 51 53  0  0  0]
 [54 45 51  0  0  0]
 [40 47 63  0  0  0]
 [ 0  0  0 59 51 40]
 [ 0  0  0 54 67 29]
 [ 0  0  0 60 44 46]]