Dataset : IP
N times : 1
TAU : 1.8
7.2690018538393995 Overall accuracy (%)
0.6990433276332975 Kappa accuracy (%)
7.680777835468952 Average accuracy (%)

              precision    recall  f1-score   support

           1       0.01      0.20      0.01        46
           2       0.14      0.16      0.15      1428
           3       0.08      0.12      0.10       830
           4       0.02      0.07      0.03       237
           5       0.07      0.10      0.09       483
           6       0.10      0.07      0.08       730
           7       0.00      0.04      0.00        28
           8       0.05      0.04      0.05       478
           9       0.01      0.10      0.01        20
          10       0.12      0.05      0.07       972
          11       0.28      0.05      0.09      2455
          12       0.03      0.02      0.02       593
          13       0.04      0.06      0.04       205
          14       0.15      0.04      0.06      1265
          15       0.05      0.04      0.05       386
          16       0.03      0.08      0.05        93

    accuracy                           0.07     10249
   macro avg       0.07      0.08      0.06     10249
weighted avg       0.14      0.07      0.08     10249

[[  9  10   3   8   2   2   1   3   0   0   0   1   4   2   1   0]
 [227 222 196 126 100  69  55  55  60  56  54  53  39  39  48  29]
 [146 137 103  76  45  50  27  24  26  32  37  27  34  23  24  19]
 [ 46  33  33  16  16  16  10   3  10   5   8  13  11   5   4   8]
 [ 78  78  59  40  50  22  18   7  12  16  21  24  17  15  21   5]
 [107 110  93  60  46  54  28  24  27  39  25  23  24  22  30  18]
 [  3   6   4   2   0   0   1   0   1   1   1   2   2   3   0   2]
 [ 81  75  48  38  31  21  29  19  17  20  22  17  16  21  15   8]
 [  6   3   3   1   0   0   2   1   2   2   0   0   0   0   0   0]
 [148 170 115  86  54  67  45  25  35  48  51  33  28  26  19  22]
 [376 413 333 201 163 137  98  91  83 110 126  70  67  72  78  37]
 [ 94 102  68  54  45  30  24  23  23  29  22  11  15  26  18   9]
 [ 34  29  16  15  10   7  15  13  17   4   9   5  12   8   2   9]
 [235 180 160 126  81  61  60  44  45  34  52  39  45  49  34  20]
 [ 49  48  47  41  35  23  18  14   7  10  24  10  18  17  16   9]
 [ 18  11  12   7   2   4   9   1   6   3   4   0   3   4   2   7]]