Dataset : IP
N times : 25
TAU : 1.0
99.58222222222223 Overall accuracy (%)
99.49866666666667 Kappa accuracy (%)
99.58222222222223 Average accuracy (%)

              precision    recall  f1-score   support

           0       1.00      0.99      0.99      3750
           1       1.00      1.00      1.00      3750
           2       0.99      1.00      1.00      3750
           3       0.99      1.00      0.99      3750
           4       1.00      0.99      0.99      3750
           5       1.00      1.00      1.00      3750

    accuracy                           1.00     22500
   macro avg       1.00      1.00      1.00     22500
weighted avg       1.00      1.00      1.00     22500

[[3717    0   33    0    0    0]
 [  10 3740    0    0    0    0]
 [   0    0 3750    0    0    0]
 [   0    0    0 3750    0    0]
 [   0    0    0   51 3699    0]
 [   0    0    0    0    0 3750]]