Dataset : IP
N times : 25
TAU : 1.0
99.05333333333334 Overall accuracy (%)
98.86399999999999 Kappa accuracy (%)
99.05333333333334 Average accuracy (%)

              precision    recall  f1-score   support

           0       0.99      1.00      1.00      3750
           1       1.00      0.99      1.00      3750
           2       1.00      1.00      1.00      3750
           3       0.95      1.00      0.98      3750
           4       1.00      0.95      0.97      3750
           5       1.00      1.00      1.00      3750

    accuracy                           0.99     22500
   macro avg       0.99      0.99      0.99     22500
weighted avg       0.99      0.99      0.99     22500

[[3741    0    9    0    0    0]
 [  21 3729    0    0    0    0]
 [   0    0 3750    0    0    0]
 [   0    0    0 3750    0    0]
 [   0    0    0  181 3568    1]
 [   0    0    0    0    1 3749]]