Dataset : IP
N times : 25
TAU : 1.0
98.24888888888889 Overall accuracy (%)
97.89866666666667 Kappa accuracy (%)
98.24888888888889 Average accuracy (%)

              precision    recall  f1-score   support

           0       1.00      0.98      0.99      3750
           1       1.00      1.00      1.00      3750
           2       0.98      1.00      0.99      3750
           3       0.93      1.00      0.96      3750
           4       1.00      0.92      0.96      3750
           5       1.00      1.00      1.00      3750

    accuracy                           0.98     22500
   macro avg       0.98      0.98      0.98     22500
weighted avg       0.98      0.98      0.98     22500

[[3664    1   85    0    0    0]
 [   8 3742    0    0    0    0]
 [   0    0 3750    0    0    0]
 [   0    0    0 3750    0    0]
 [   0    0    0  300 3450    0]
 [   0    0    0    0    0 3750]]