Dataset : BW
N times : 25
TAU : 1.8
97.32666666666667 Overall accuracy (%)
96.65833333333333 Kappa accuracy (%)
97.32666666666667 Average accuracy (%)

              precision    recall  f1-score   support

           0       0.97      0.93      0.95     15000
           1       0.95      1.00      0.98     15000
           2       0.96      0.96      0.96     15000
           3       0.99      0.98      0.99     15000
           4       1.00      0.99      0.99     15000

    accuracy                           0.97     75000
   macro avg       0.97      0.97      0.97     75000
weighted avg       0.97      0.97      0.97     75000

[[13996   702   302     0     0]
 [    1 14999     0     0     0]
 [  483    64 14380    18    55]
 [    0     0   226 14763    11]
 [    0     0     0   143 14857]]