Dataset : IP
N times : 25
TAU : 1.8
80.80788369597033 Overall accuracy (%)
78.32715344167487 Kappa accuracy (%)
86.18226704271761 Average accuracy (%)

              precision    recall  f1-score   support

           1       0.43      1.00      0.61        46
           2       0.67      0.69      0.68      1428
           3       0.70      0.92      0.80       830
           4       0.33      0.58      0.42       237
           5       0.98      0.81      0.89       483
           6       0.98      0.95      0.97       730
           7       0.31      0.96      0.47        28
           8       1.00      0.96      0.98       478
           9       0.17      1.00      0.30        20
          10       0.80      0.71      0.75       972
          11       0.84      0.71      0.77      2455
          12       0.85      0.80      0.82       593
          13       0.92      0.83      0.88       205
          14       0.99      0.97      0.98      1265
          15       0.98      0.96      0.97       386
          16       0.67      0.94      0.78        93

    accuracy                           0.81     10249
   macro avg       0.73      0.86      0.75     10249
weighted avg       0.83      0.81      0.82     10249

[[  46    0    0    0    0    0    0    0    0    0    0    0    0    0
     0    0]
 [   6  981   72  202    0    0    0    0    0   21  112   34    0    0
     0    0]
 [   0    6  760   59    0    0    0    0    3    0    0    1    0    0
     0    1]
 [   0   40   42  137    0    0    0    0    0    0    0    8    0   10
     0    0]
 [   0    0    0    0  392    0   47    0   44    0    0    0    0    0
     0    0]
 [   0    0    0    0    0  696    0    0   26    0    0    0    8    0
     0    0]
 [   0    0    0    0    1    0   27    0    0    0    0    0    0    0
     0    0]
 [  21    0    0    0    0    0    0  457    0    0    0    0    0    0
     0    0]
 [   0    0    0    0    0    0    0    0   20    0    0    0    0    0
     0    0]
 [   9    8   32    0    0    4    0    0    5  688  208   18    0    0
     0    0]
 [  23  381  112    4    0   12    0    0    3  154 1742   22    2    0
     0    0]
 [   0   41   32    8    0    0    2    0    5    0    0  473    0    0
     0   32]
 [   0    0   29    0    0    0    0    0    2    0    0    0  171    0
     3    0]
 [   0    0    0    0    5    0   12    0    0    0    0    0    0 1233
     5   10]
 [   1    0    0    0    0    0    0    0    7    0    0    0    4    2
   372    0]
 [   0    0    0    0    0    0    0    0    0    0    0    0    0    6
     0   87]]