Dataset : IP
N times : 25
TAU : 1.8
97.44222222222221 Overall accuracy (%)
96.93066666666667 Kappa accuracy (%)
97.44222222222221 Average accuracy (%)

              precision    recall  f1-score   support

           0       0.99      1.00      0.99     15000
           1       1.00      0.99      0.99     15000
           2       1.00      1.00      1.00     15000
           3       0.88      1.00      0.93     15000
           4       1.00      0.86      0.92     15000
           5       1.00      1.00      1.00     15000

    accuracy                           0.97     90000
   macro avg       0.98      0.97      0.97     90000
weighted avg       0.98      0.97      0.97     90000

[[14998     2     0     0     0     0]
 [  201 14799     0     0     0     0]
 [    0     0 15000     0     0     0]
 [    0     0     0 15000     0     0]
 [    0     0     0  2099 12901     0]
 [    0     0     0     0     0 15000]]