Dataset : IP
N times : 25
TAU : 1.8
76.01717240706411 Overall accuracy (%)
73.05764810942905 Kappa accuracy (%)
84.43709690429118 Average accuracy (%)

              precision    recall  f1-score   support

           1       0.34      1.00      0.51        46
           2       0.61      0.78      0.68      1428
           3       0.70      0.80      0.75       830
           4       0.44      0.69      0.53       237
           5       0.97      0.77      0.86       483
           6       0.99      0.96      0.98       730
           7       0.44      1.00      0.62        28
           8       1.00      0.86      0.92       478
           9       0.17      1.00      0.30        20
          10       0.59      0.66      0.63       972
          11       0.81      0.54      0.65      2455
          12       0.78      0.81      0.79       593
          13       0.76      0.80      0.78       205
          14       1.00      0.98      0.99      1265
          15       0.95      0.90      0.92       386
          16       0.59      0.97      0.73        93

    accuracy                           0.76     10249
   macro avg       0.70      0.84      0.73     10249
weighted avg       0.79      0.76      0.76     10249

[[  46    0    0    0    0    0    0    0    0    0    0    0    0    0
     0    0]
 [   8 1109   31  125    0    0    0    0    0   74   46   35    0    0
     0    0]
 [   0   27  662   42    0    0    0    0   50    0   48    1    0    0
     0    0]
 [   0   48   26  163    0    0    0    0    0    0    0    0    0    0
     0    0]
 [   0    0    0    0  372    0   25    0    1    0    0   41    0    0
     1   43]
 [   0    0    3    0    0  704    0    0    6    0    0    0   17    0
     0    0]
 [   0    0    0    0    0    0   28    0    0    0    0    0    0    0
     0    0]
 [  66    0    0    0    0    0    1  411    0    0    0    0    0    0
     0    0]
 [   0    0    0    0    0    0    0    0   20    0    0    0    0    0
     0    0]
 [   0   51   19    3    0    4    0    0    2  645  209   39    0    0
     0    0]
 [   4  517  185   41    0    1    0    0    3  369 1316   18    1    0
     0    0]
 [   9   64   21    0    0    0    1    0    0    0    0  478    0    0
     0   20]
 [   0    0    0    0    0    2    0    0   29    0    0    0  165    0
     9    0]
 [   0    0    0    0   11    0    8    0    0    0    0    1    0 1235
    10    0]
 [   1    0    0    0    0    0    0    0    4    0    0    0   34    0
   347    0]
 [   0    0    0    0    2    0    0    0    0    0    0    1    0    0
     0   90]]