Dataset : IP
N times : 25
TAU : 1.8
96.50666666666666 Overall accuracy (%)
95.808 Kappa accuracy (%)
96.50666666666666 Average accuracy (%)

              precision    recall  f1-score   support

           0       1.00      1.00      1.00     15000
           1       1.00      1.00      1.00     15000
           2       1.00      1.00      1.00     15000
           3       0.83      1.00      0.91     15000
           4       1.00      0.80      0.89     15000
           5       1.00      1.00      1.00     15000

    accuracy                           0.97     90000
   macro avg       0.97      0.97      0.96     90000
weighted avg       0.97      0.97      0.96     90000

[[15000     0     0     0     0     0]
 [   68 14932     0     0     0     0]
 [    0     0 15000     0     0     0]
 [    0     0     0 15000     0     0]
 [    0     0     0  3069 11931     0]
 [    0     0     0     0     7 14993]]