Dataset : IP
N times : 25
TAU : 1.8
68.3871597228998 Overall accuracy (%)
64.69013951275848 Kappa accuracy (%)
75.53371179465435 Average accuracy (%)

              precision    recall  f1-score   support

           1       0.23      1.00      0.38        46
           2       0.55      0.58      0.57      1428
           3       0.64      0.86      0.73       830
           4       0.24      0.59      0.34       237
           5       0.96      0.51      0.66       483
           6       0.95      0.57      0.71       730
           7       0.09      0.86      0.16        28
           8       0.98      0.95      0.97       478
           9       0.07      1.00      0.12        20
          10       0.60      0.62      0.61       972
          11       0.86      0.58      0.70      2455
          12       0.65      0.51      0.57       593
          13       0.78      0.60      0.67       205
          14       1.00      0.96      0.98      1265
          15       0.84      0.92      0.88       386
          16       0.50      0.98      0.66        93

    accuracy                           0.68     10249
   macro avg       0.62      0.76      0.61     10249
weighted avg       0.77      0.68      0.71     10249

[[  46    0    0    0    0    0    0    0    0    0    0    0    0    0
     0    0]
 [  20  835   46  320    0    1    0    0    0   95   66   45    0    0
     0    0]
 [   0   22  714   57    0    2    0    0    4   19    2   10    0    0
     0    0]
 [   1   71   12  140    0    0    0    0    0    1   12    0    0    0
     0    0]
 [  12    0    0    0  244    0  226    0    1    0    0    0    0    0
     0    0]
 [   0    0   24    0    0  418    0    0  274    0    0    0    7    0
     7    0]
 [   0    0    0    0    4    0   24    0    0    0    0    0    0    0
     0    0]
 [  25    0    0    0    0    0    0  453    0    0    0    0    0    0
     0    0]
 [   0    0    0    0    0    0    0    0   20    0    0    0    0    0
     0    0]
 [  15   43   34    0    0    0    0    0    0  599  146   89    0    1
     0   45]
 [   8  505  254   69    1    1    0    0    2  167 1430   15    1    1
     0    1]
 [  67   47    1    0    0    0    0    6    0  125    0  303    0    0
     0   44]
 [   0    0   36    0    0   17    0    0    1    0    0    0  122    0
    29    0]
 [   1    0    0    0    5    0   15    1    0    0    0    0    0 1213
    30    0]
 [   1    0    0    0    0    1    0    0    0    0    0    0   27    0
   357    0]
 [   0    0    0    0    0    0    0    0    0    0    0    2    0    0
     0   91]]