Dataset : IP
N times : 25
TAU : 1.8
97.1511111111111 Overall accuracy (%)
96.58133333333333 Kappa accuracy (%)
97.1511111111111 Average accuracy (%)

              precision    recall  f1-score   support

           0       0.99      1.00      1.00     15000
           1       1.00      0.99      1.00     15000
           2       1.00      1.00      1.00     15000
           3       0.86      1.00      0.92     15000
           4       1.00      0.84      0.91     15000
           5       1.00      1.00      1.00     15000

    accuracy                           0.97     90000
   macro avg       0.98      0.97      0.97     90000
weighted avg       0.98      0.97      0.97     90000

[[15000     0     0     0     0     0]
 [  109 14891     0     0     0     0]
 [    0     0 15000     0     0     0]
 [    0     0     0 15000     0     0]
 [    0     0     0  2455 12545     0]
 [    0     0     0     0     0 15000]]