Dataset : IP
N times : 25
TAU : 1.8
69.26529417504148 Overall accuracy (%)
65.75967049205188 Kappa accuracy (%)
80.88231419407693 Average accuracy (%)

              precision    recall  f1-score   support

           1       0.23      0.98      0.37        46
           2       0.57      0.52      0.54      1428
           3       0.50      0.56      0.53       830
           4       0.28      0.74      0.40       237
           5       0.98      0.79      0.88       483
           6       0.96      0.89      0.92       730
           7       0.26      0.96      0.42        28
           8       1.00      0.96      0.98       478
           9       0.11      1.00      0.21        20
          10       0.56      0.77      0.65       972
          11       0.80      0.50      0.61      2455
          12       0.72      0.65      0.68       593
          13       0.72      0.74      0.73       205
          14       0.99      0.92      0.95      1265
          15       0.91      0.98      0.94       386
          16       0.44      0.99      0.61        93

    accuracy                           0.69     10249
   macro avg       0.63      0.81      0.65     10249
weighted avg       0.75      0.69      0.71     10249

[[  45    0    0    0    0    0    0    0    0    0    0    1    0    0
     0    0]
 [  31  738   26  347    0    0    0    0    2  185   67   32    0    0
     0    0]
 [   0   16  463   40    0    2    0    0  114   61  123   11    0    0
     0    0]
 [   0   37    2  176    0    0    0    0    0    7    0   15    0    0
     0    0]
 [   0    0    0    0  382    0   20    0    1    1    0    8    0    9
     0   62]
 [   0    0    3    0    0  651    0    0   15    1    0    0   50    0
    10    0]
 [   0    0    0    0    1    0   27    0    0    0    0    0    0    0
     0    0]
 [  20    0    0    0    0    0    0  458    0    0    0    0    0    0
     0    0]
 [   0    0    0    0    0    0    0    0   20    0    0    0    0    0
     0    0]
 [   9   31   12    0    0    0    0    0    0  747   93   78    0    0
     0    2]
 [  43  428  404   65    0   15    0    0   14  256 1225    0    4    0
     1    0]
 [  20   51    1    8    1    0    0    0    2   68    0  384    0    5
     0   53]
 [   0    0    6    0    0   11    0    0    6    0   21    0  151    0
    10    0]
 [  27    0    0    0    5    0   54    1    0    0    0    0    0 1161
    17    0]
 [   2    0    0    0    0    0    1    0    0    0    0    0    4    0
   379    0]
 [   0    0    0    0    0    0    0    0    0    0    0    1    0    0
     0   92]]