Dataset : IP
N times : 25
TAU : 1.8
97.32555555555555 Overall accuracy (%)
96.79066666666667 Kappa accuracy (%)
97.32555555555554 Average accuracy (%)

              precision    recall  f1-score   support

           0       0.95      0.95      0.95     15000
           1       0.99      0.95      0.97     15000
           2       0.96      1.00      0.98     15000
           3       0.95      1.00      0.97     15000
           4       0.99      0.95      0.97     15000
           5       1.00      0.99      0.99     15000

    accuracy                           0.97     90000
   macro avg       0.97      0.97      0.97     90000
weighted avg       0.97      0.97      0.97     90000

[[14236   212   552     0     0     0]
 [  691 14309     0     0     0     0]
 [    0     0 15000     0     0     0]
 [    0     0     0 15000     0     0]
 [    0     0     0   791 14209     0]
 [    0     0     0     0   161 14839]]