Dataset : IP
N times : 25
TAU : 1.8
76.64162357303151 Overall accuracy (%)
73.81655943287187 Kappa accuracy (%)
83.20347604152349 Average accuracy (%)

              precision    recall  f1-score   support

           1       0.11      0.93      0.20        46
           2       0.64      0.54      0.58      1428
           3       0.65      0.77      0.71       830
           4       0.24      0.64      0.35       237
           5       0.94      0.77      0.85       483
           6       0.97      0.96      0.96       730
           7       0.50      1.00      0.67        28
           8       1.00      0.91      0.95       478
           9       0.19      1.00      0.31        20
          10       0.88      0.76      0.82       972
          11       0.86      0.69      0.77      2455
          12       0.84      0.88      0.86       593
          13       0.55      0.73      0.63       205
          14       0.99      0.92      0.95      1265
          15       0.93      0.87      0.90       386
          16       0.82      0.94      0.87        93

    accuracy                           0.77     10249
   macro avg       0.69      0.83      0.71     10249
weighted avg       0.82      0.77      0.79     10249

[[  43    1    0    0    0    0    2    0    0    0    0    0    0    0
     0    0]
 [ 206  765   47  232    0    0    1    1    0    6  117   53    0    0
     0    0]
 [   2    5  636  174   13    0    0    0    0    0    0    0    0    0
     0    0]
 [  10   10   65  152    0    0    0    0    0    0    0    0    0    0
     0    0]
 [   9    1   11   15  374    6    6    0   61    0    0    0    0    0
     0    0]
 [   0    0    0    0    0  700   16    0   14    0    0    0    0    0
     0    0]
 [   0    0    0    0    0    0   28    0    0    0    0    0    0    0
     0    0]
 [  42    0    0    0    0    0    0  436    0    0    0    0    0    0
     0    0]
 [   0    0    0    0    0    0    0    0   20    0    0    0    0    0
     0    0]
 [   6   13   12    1    3    0    1    0    0  742  152   42    0    0
     0    0]
 [  53  397  158   39    4   15    2    0    0   84 1702    1    0    0
     0    0]
 [  15    9   15    6    1    0    0    0    0    8    0  520    0    0
     0   19]
 [   0    0   30    0    2    0    0    0    3    0    0    0  149   10
    11    0]
 [   1    0    0    1    0    0    0    0   10    0    0    0   75 1164
    14    0]
 [   1    0    0    0    0    0    0    0    0    0    0    0   47    1
   337    0]
 [   0    0    0    3    0    0    0    0    0    0    0    3    0    0
     0   87]]