Dataset : BW
N times : 1
TAU : 1.8
93.75066666666667 Overall accuracy (%)
92.18833333333333 Kappa accuracy (%)
93.75066666666667 Average accuracy (%)

              precision    recall  f1-score   support

           0       0.92      0.85      0.88     15000
           1       0.89      0.97      0.93     15000
           2       0.96      0.96      0.96     15000
           3       0.98      0.92      0.95     15000
           4       0.94      0.99      0.96     15000

    accuracy                           0.94     75000
   macro avg       0.94      0.94      0.94     75000
weighted avg       0.94      0.94      0.94     75000

[[12703  1725   567     5     0]
 [  398 14561    25    16     0]
 [  511     1 14374    54    60]
 [  194   102     3 13817   884]
 [    0     0     2   140 14858]]