Dataset : BW
N times : 1
TAU : 1.8
95.86133333333333 Overall accuracy (%)
94.82666666666667 Kappa accuracy (%)
95.86133333333333 Average accuracy (%)

              precision    recall  f1-score   support

           0       0.92      0.91      0.91     15000
           1       1.00      0.98      0.99     15000
           2       0.90      0.92      0.91     15000
           3       0.99      0.98      0.99     15000
           4       0.99      1.00      1.00     15000

    accuracy                           0.96     75000
   macro avg       0.96      0.96      0.96     75000
weighted avg       0.96      0.96      0.96     75000

[[13592    46  1346    16     0]
 [   86 14773   135     6     0]
 [ 1076    15 13799   102     8]
 [   20     0   125 14760    95]
 [    0     0     5    23 14972]]