Dataset : BW
N times : 1
TAU : 1.8
95.23866666666667 Overall accuracy (%)
94.04833333333333 Kappa accuracy (%)
95.23866666666667 Average accuracy (%)

              precision    recall  f1-score   support

           0       0.94      0.99      0.96     15000
           1       0.89      0.96      0.92     15000
           2       0.95      0.84      0.89     15000
           3       0.99      0.99      0.99     15000
           4       1.00      1.00      1.00     15000

    accuracy                           0.95     75000
   macro avg       0.95      0.95      0.95     75000
weighted avg       0.95      0.95      0.95     75000

[[14784    57   113    46     0]
 [  225 14355   420     0     0]
 [  707  1668 12542    80     3]
 [   92     2   125 14780     1]
 [    0     0     4    28 14968]]