Dataset : BW
N times : 5
TAU : 1.8
94.32933333333334 Overall accuracy (%)
92.91166666666668 Kappa accuracy (%)
94.32933333333334 Average accuracy (%)

              precision    recall  f1-score   support

           0       0.92      0.81      0.86     15000
           1       0.93      1.00      0.97     15000
           2       0.88      0.93      0.90     15000
           3       1.00      0.99      0.99     15000
           4       0.99      1.00      1.00     15000

    accuracy                           0.94     75000
   macro avg       0.94      0.94      0.94     75000
weighted avg       0.94      0.94      0.94     75000

[[12077  1043  1880     0     0]
 [    1 14997     2     0     0]
 [ 1044     0 13918    37     1]
 [   45     3    64 14789    99]
 [    0     0     0    34 14966]]