Dataset : BW
N times : 5
TAU : 1.8
89.95066666666666 Overall accuracy (%)
87.43833333333333 Kappa accuracy (%)
89.95066666666666 Average accuracy (%)

              precision    recall  f1-score   support

           0       0.79      0.83      0.81     15000
           1       0.89      1.00      0.94     15000
           2       0.92      0.71      0.81     15000
           3       0.96      0.97      0.97     15000
           4       0.93      0.99      0.96     15000

    accuracy                           0.90     75000
   macro avg       0.90      0.90      0.90     75000
weighted avg       0.90      0.90      0.90     75000

[[12439  1757   804     0     0]
 [   70 14930     0     0     0]
 [ 2987     1 10720   381   911]
 [  223     0    74 14530   173]
 [    0     0     2   154 14844]]