Dataset : BW
N times : 5
TAU : 1.8
91.41066666666666 Overall accuracy (%)
89.26333333333334 Kappa accuracy (%)
91.41066666666667 Average accuracy (%)

              precision    recall  f1-score   support

           0       0.79      0.78      0.79     15000
           1       0.92      1.00      0.96     15000
           2       0.86      0.79      0.82     15000
           3       1.00      1.00      1.00     15000
           4       1.00      1.00      1.00     15000

    accuracy                           0.91     75000
   macro avg       0.91      0.91      0.91     75000
weighted avg       0.91      0.91      0.91     75000

[[11735  1287  1978     0     0]
 [    1 14999     0     0     0]
 [ 3111    13 11876     0     0]
 [   42     0     2 14948     8]
 [    0     0     0     0 15000]]