Dataset : KSC
N times : 5
TAU : 1.8
96.66666666666667 Overall accuracy (%)
95.83333333333334 Kappa accuracy (%)
96.66666666666669 Average accuracy (%)

              precision    recall  f1-score   support

           0       0.91      1.00      0.95     15000
           1       0.98      0.88      0.93     15000
           2       0.98      0.97      0.98     15000
           3       0.99      0.98      0.99     15000
           4       0.97      1.00      0.99     15000

    accuracy                           0.97     75000
   macro avg       0.97      0.97      0.97     75000
weighted avg       0.97      0.97      0.97     75000

[[15000     0     0     0     0]
 [ 1317 13231   292    85    75]
 [  102   317 14581     0     0]
 [    0     0     0 14688   312]
 [    0     0     0     0 15000]]