Dataset : KSC
N times : 5
TAU : 1.8
94.82533333333333 Overall accuracy (%)
93.53166666666667 Kappa accuracy (%)
94.82533333333333 Average accuracy (%)

              precision    recall  f1-score   support

           0       0.99      0.94      0.97     15000
           1       0.99      0.90      0.94     15000
           2       0.99      0.90      0.94     15000
           3       0.96      1.00      0.98     15000
           4       0.84      1.00      0.92     15000

    accuracy                           0.95     75000
   macro avg       0.95      0.95      0.95     75000
weighted avg       0.95      0.95      0.95     75000

[[14143     0     6     0   851]
 [  140 13570    82   697   511]
 [    3   148 13450     2  1397]
 [    0    44     0 14956     0]
 [    0     0     0     0 15000]]