Dataset : KSC
N times : 5
TAU : 1.8
90.05866666666667 Overall accuracy (%)
87.57333333333334 Kappa accuracy (%)
90.05866666666667 Average accuracy (%)

              precision    recall  f1-score   support

           0       0.97      0.91      0.94     15000
           1       0.94      0.76      0.84     15000
           2       1.00      0.87      0.93     15000
           3       0.94      0.95      0.95     15000
           4       0.73      1.00      0.85     15000

    accuracy                           0.90     75000
   macro avg       0.92      0.90      0.90     75000
weighted avg       0.92      0.90      0.90     75000

[[13681     0     0     0  1319]
 [  463 11465     2   847  2223]
 [    1    29 13097     0  1873]
 [    1   696     1 14302     0]
 [    0     1     0     0 14999]]