Dataset : SA
N times : 5
TAU : 1.8
98.38444444444444 Overall accuracy (%)
98.06133333333334 Kappa accuracy (%)
98.38444444444444 Average accuracy (%)

              precision    recall  f1-score   support

           0       0.98      0.97      0.98     15000
           1       0.97      1.00      0.98     15000
           2       1.00      0.97      0.99     15000
           3       0.97      1.00      0.98     15000
           4       0.99      1.00      0.99     15000
           5       1.00      0.96      0.98     15000

    accuracy                           0.98     90000
   macro avg       0.98      0.98      0.98     90000
weighted avg       0.98      0.98      0.98     90000

[[14601   395     4     0     0     0]
 [    4 14996     0     0     0     0]
 [  317    82 14601     0     0     0]
 [    0     0     0 14964    21    15]
 [    0     0     0     0 15000     0]
 [    0     0     0   462   154 14384]]