Dataset : SA
N times : 25
TAU : 1.8
97.10666666666667 Overall accuracy (%)
96.528 Kappa accuracy (%)
97.10666666666667 Average accuracy (%)

              precision    recall  f1-score   support

           0       0.97      1.00      0.98     15000
           1       1.00      1.00      1.00     15000
           2       1.00      0.95      0.97     15000
           3       0.90      0.98      0.94     15000
           4       1.00      1.00      1.00     15000
           5       0.96      0.90      0.93     15000

    accuracy                           0.97     90000
   macro avg       0.97      0.97      0.97     90000
weighted avg       0.97      0.97      0.97     90000

[[14983     0     0     1     0    16]
 [    0 15000     0     0     0     0]
 [  529     0 14250    89     0   132]
 [    2     0     0 14648     0   350]
 [    0     0     0     4 14996     0]
 [    0     0     7  1460    14 13519]]