Dataset : SA
N times : 25
TAU : 1.8
98.41777777777779 Overall accuracy (%)
98.10133333333333 Kappa accuracy (%)
98.41777777777777 Average accuracy (%)

              precision    recall  f1-score   support

           0       0.99      1.00      1.00     15000
           1       1.00      1.00      1.00     15000
           2       1.00      0.96      0.98     15000
           3       0.98      0.97      0.98     15000
           4       0.99      1.00      0.99     15000
           5       0.95      0.97      0.96     15000

    accuracy                           0.98     90000
   macro avg       0.98      0.98      0.98     90000
weighted avg       0.98      0.98      0.98     90000

[[15000     0     0     0     0     0]
 [    0 15000     0     0     0     0]
 [  131     0 14459     0     0   410]
 [    0     0     0 14585     0   415]
 [    0     0     0     0 15000     0]
 [    0     2    23   274   169 14532]]