Dataset : SA
N times : 25
TAU : 1.8
96.62444444444445 Overall accuracy (%)
95.94933333333333 Kappa accuracy (%)
96.62444444444446 Average accuracy (%)

              precision    recall  f1-score   support

           0       0.95      1.00      0.97     15000
           1       1.00      1.00      1.00     15000
           2       0.90      0.95      0.93     15000
           3       0.97      0.96      0.97     15000
           4       1.00      1.00      1.00     15000
           5       0.99      0.88      0.93     15000

    accuracy                           0.97     90000
   macro avg       0.97      0.97      0.97     90000
weighted avg       0.97      0.97      0.97     90000

[[15000     0     0     0     0     0]
 [    0 15000     0     0     0     0]
 [  127     0 14299   502     0    72]
 [  529     4     6 14458     0     3]
 [    0     0     0     0 15000     0]
 [  200     0  1592     3     0 13205]]