Dataset : SA
N times : 25
TAU : 1.8
96.68777777777777 Overall accuracy (%)
96.02533333333334 Kappa accuracy (%)
96.68777777777778 Average accuracy (%)

              precision    recall  f1-score   support

           0       1.00      1.00      1.00     15000
           1       0.94      1.00      0.97     15000
           2       1.00      0.94      0.97     15000
           3       0.94      0.97      0.95     15000
           4       0.93      1.00      0.96     15000
           5       1.00      0.90      0.94     15000

    accuracy                           0.97     90000
   macro avg       0.97      0.97      0.97     90000
weighted avg       0.97      0.97      0.97     90000

[[15000     0     0     0     0     0]
 [    0 15000     0     0     0     0]
 [    0   932 14067     1     0     0]
 [    0     0     0 14574   426     0]
 [    0     0     0     0 14948    52]
 [    0     0     2   950   618 13430]]