Dataset : SA
N times : 25
TAU : 1.8
98.03444444444445 Overall accuracy (%)
97.64133333333334 Kappa accuracy (%)
98.03444444444445 Average accuracy (%)

              precision    recall  f1-score   support

           0       1.00      1.00      1.00     15000
           1       1.00      1.00      1.00     15000
           2       1.00      0.91      0.95     15000
           3       0.98      1.00      0.99     15000
           4       1.00      1.00      1.00     15000
           5       0.91      0.97      0.94     15000

    accuracy                           0.98     90000
   macro avg       0.98      0.98      0.98     90000
weighted avg       0.98      0.98      0.98     90000

[[14962     0     0     0     0    38]
 [    0 15000     0     0     0     0]
 [   12     0 13668     0     0  1320]
 [    0     0     0 14991     0     9]
 [    0     0     0     0 15000     0]
 [   16     0     0   374     0 14610]]