Dataset : BW
N times : 20
TAU : 1.8
92.84266666666666 Overall accuracy (%)
91.05333333333333 Kappa accuracy (%)
92.84266666666667 Average accuracy (%)

              precision    recall  f1-score   support

           0       0.87      0.75      0.81     15000
           1       0.93      1.00      0.96     15000
           2       0.84      0.89      0.87     15000
           3       1.00      1.00      1.00     15000
           4       1.00      1.00      1.00     15000

    accuracy                           0.93     75000
   macro avg       0.93      0.93      0.93     75000
weighted avg       0.93      0.93      0.93     75000

[[11289  1213  2498     0     0]
 [    0 15000     0     0     0]
 [ 1640     0 13345     0    15]
 [    0     0     2 14998     0]
 [    0     0     0     0 15000]]