Dataset : BW
N times : 20
TAU : 1.8
88.63466666666666 Overall accuracy (%)
85.79333333333334 Kappa accuracy (%)
88.63466666666667 Average accuracy (%)

              precision    recall  f1-score   support

           0       0.72      0.73      0.72     15000
           1       0.92      1.00      0.96     15000
           2       0.79      0.72      0.75     15000
           3       1.00      0.99      0.99     15000
           4       0.99      1.00      0.99     15000

    accuracy                           0.89     75000
   macro avg       0.88      0.89      0.88     75000
weighted avg       0.88      0.89      0.88     75000

[[10883  1339  2778     0     0]
 [    5 14994     1     0     0]
 [ 4244     1 10755     0     0]
 [    0     0     1 14848   151]
 [    0     0     0     4 14996]]