Dataset : BW
N times : 20
TAU : 1.8
95.92133333333334 Overall accuracy (%)
94.90166666666666 Kappa accuracy (%)
95.92133333333332 Average accuracy (%)

              precision    recall  f1-score   support

           0       0.96      0.83      0.89     15000
           1       0.94      1.00      0.97     15000
           2       0.90      0.97      0.93     15000
           3       1.00      1.00      1.00     15000
           4       1.00      1.00      1.00     15000

    accuracy                           0.96     75000
   macro avg       0.96      0.96      0.96     75000
weighted avg       0.96      0.96      0.96     75000

[[12478   881  1625    16     0]
 [   34 14966     0     0     0]
 [  442     0 14554     4     0]
 [   52     0     5 14943     0]
 [    0     0     0     0 15000]]