Dataset : KSC
N times : 25
TAU : 1.8
95.95466666666667 Overall accuracy (%)
94.94333333333333 Kappa accuracy (%)
95.95466666666667 Average accuracy (%)

              precision    recall  f1-score   support

           0       0.87      1.00      0.93     15000
           1       0.99      0.83      0.90     15000
           2       0.97      0.99      0.98     15000
           3       1.00      0.98      0.99     15000
           4       0.99      1.00      1.00     15000

    accuracy                           0.96     75000
   macro avg       0.96      0.96      0.96     75000
weighted avg       0.96      0.96      0.96     75000

[[15000     0     0     0     0]
 [ 2263 12424   271     8    34]
 [    0   179 14821     0     0]
 [    0     4   166 14721   109]
 [    0     0     0     0 15000]]