Dataset : SA
N times : 10
TAU : 1.8
92.13333333333334 Overall accuracy (%)
90.56 Kappa accuracy (%)
92.13333333333333 Average accuracy (%)

              precision    recall  f1-score   support

           0       0.98      1.00      0.99     15000
           1       0.87      1.00      0.93     15000
           2       0.90      0.84      0.87     15000
           3       0.84      1.00      0.91     15000
           4       0.99      1.00      0.99     15000
           5       0.98      0.70      0.81     15000

    accuracy                           0.92     90000
   macro avg       0.93      0.92      0.92     90000
weighted avg       0.93      0.92      0.92     90000

[[15000     0     0     0     0     0]
 [    0 15000     0     0     0     0]
 [   32  2198 12534     1     0   235]
 [    0    14     0 14951     5    30]
 [    0     0     0     0 15000     0]
 [  258     7  1358  2788   154 10435]]