Dataset : SA
N times : 10
TAU : 1.8
93.89111111111112 Overall accuracy (%)
92.66933333333334 Kappa accuracy (%)
93.89111111111112 Average accuracy (%)

              precision    recall  f1-score   support

           0       0.91      1.00      0.95     15000
           1       1.00      1.00      1.00     15000
           2       0.92      0.91      0.91     15000
           3       0.91      0.99      0.95     15000
           4       0.99      1.00      1.00     15000
           5       0.90      0.74      0.81     15000

    accuracy                           0.94     90000
   macro avg       0.94      0.94      0.94     90000
weighted avg       0.94      0.94      0.94     90000

[[15000     0     0     0     0     0]
 [    0 15000     0     0     0     0]
 [  288    25 13603     7     0  1077]
 [   13     1     6 14794    25   161]
 [    0     0     0     0 14997     3]
 [ 1186     6  1145  1434   121 11108]]