Dataset : SA
N times : 10
TAU : 1.8
96.13444444444444 Overall accuracy (%)
95.36133333333333 Kappa accuracy (%)
96.13444444444444 Average accuracy (%)

              precision    recall  f1-score   support

           0       0.92      1.00      0.96     15000
           1       1.00      1.00      1.00     15000
           2       0.95      0.93      0.94     15000
           3       0.95      1.00      0.97     15000
           4       0.97      1.00      0.99     15000
           5       0.99      0.84      0.91     15000

    accuracy                           0.96     90000
   macro avg       0.96      0.96      0.96     90000
weighted avg       0.96      0.96      0.96     90000

[[14996     4     0     0     0     0]
 [    0 15000     0     0     0     0]
 [  949     0 13882     0     0   169]
 [   10     0     0 14977     1    12]
 [    0     0     0     0 14995     5]
 [  413    35   731   763   387 12671]]