Dataset : SA
N times : 10
TAU : 1.8
98.00888888888889 Overall accuracy (%)
97.61066666666667 Kappa accuracy (%)
98.00888888888889 Average accuracy (%)

              precision    recall  f1-score   support

           0       0.99      1.00      0.99     15000
           1       1.00      1.00      1.00     15000
           2       0.91      1.00      0.95     15000
           3       0.99      0.98      0.99     15000
           4       1.00      0.99      1.00     15000
           5       0.99      0.91      0.95     15000

    accuracy                           0.98     90000
   macro avg       0.98      0.98      0.98     90000
weighted avg       0.98      0.98      0.98     90000

[[15000     0     0     0     0     0]
 [    0 15000     0     0     0     0]
 [    1     1 14991     0     0     7]
 [  220     0    29 14686     0    65]
 [    0     0     0    83 14912     5]
 [    3     0  1378     0     0 13619]]