Dataset : SA
N times : 10
TAU : 1.8
95.33333333333334 Overall accuracy (%)
94.39999999999999 Kappa accuracy (%)
95.33333333333334 Average accuracy (%)

              precision    recall  f1-score   support

           0       0.94      1.00      0.97     15000
           1       1.00      1.00      1.00     15000
           2       0.91      0.97      0.94     15000
           3       0.91      1.00      0.95     15000
           4       1.00      1.00      1.00     15000
           5       0.98      0.75      0.85     15000

    accuracy                           0.95     90000
   macro avg       0.96      0.95      0.95     90000
weighted avg       0.96      0.95      0.95     90000

[[15000     0     0     0     0     0]
 [    0 15000     0     0     0     0]
 [  221    59 14504     0     0   216]
 [    0     0     0 14986     0    14]
 [    0     0     0     0 15000     0]
 [  665     0  1506  1512     7 11310]]