Dataset : SA
N times : 10
TAU : 1.8
96.62555555555555 Overall accuracy (%)
95.95066666666666 Kappa accuracy (%)
96.62555555555556 Average accuracy (%)

              precision    recall  f1-score   support

           0       0.89      1.00      0.94     15000
           1       1.00      1.00      1.00     15000
           2       1.00      0.87      0.93     15000
           3       0.95      0.98      0.96     15000
           4       1.00      1.00      1.00     15000
           5       0.98      0.94      0.96     15000

    accuracy                           0.97     90000
   macro avg       0.97      0.97      0.97     90000
weighted avg       0.97      0.97      0.97     90000

[[14998     0     2     0     0     0]
 [    0 15000     0     0     0     0]
 [ 1914     6 13080     0     0     0]
 [    0     0     0 14732    13   255]
 [    0     0     0     0 14994     6]
 [    0     0     0   839     2 14159]]