Dataset : IP
N times : 25
TAU : 1.8
99.52444444444446 Overall accuracy (%)
99.42933333333333 Kappa accuracy (%)
99.52444444444446 Average accuracy (%)

              precision    recall  f1-score   support

           0       1.00      0.99      0.99      3750
           1       1.00      1.00      1.00      3750
           2       0.99      1.00      0.99      3750
           3       0.99      1.00      0.99      3750
           4       1.00      0.99      0.99      3750
           5       1.00      1.00      1.00      3750

    accuracy                           1.00     22500
   macro avg       1.00      1.00      1.00     22500
weighted avg       1.00      1.00      1.00     22500

[[3704    0   46    0    0    0]
 [   5 3745    0    0    0    0]
 [   0    0 3750    0    0    0]
 [   0    0    0 3750    0    0]
 [   0    0    0   56 3694    0]
 [   0    0    0    0    0 3750]]