Dataset : IP
N times : 25
TAU : 1.8
98.93777777777778 Overall accuracy (%)
98.72533333333334 Kappa accuracy (%)
98.93777777777778 Average accuracy (%)

              precision    recall  f1-score   support

           0       0.99      1.00      1.00      3750
           1       1.00      0.99      1.00      3750
           2       1.00      1.00      1.00      3750
           3       0.95      1.00      0.97      3750
           4       1.00      0.95      0.97      3750
           5       1.00      1.00      1.00      3750

    accuracy                           0.99     22500
   macro avg       0.99      0.99      0.99     22500
weighted avg       0.99      0.99      0.99     22500

[[3736    0   14    0    0    0]
 [  23 3727    0    0    0    0]
 [   0    0 3750    0    0    0]
 [   0    0    0 3750    0    0]
 [   0    0    0  201 3548    1]
 [   0    0    0    0    0 3750]]