Dataset : IP
N times : 25
TAU : 1.8
98.33777777777777 Overall accuracy (%)
98.00533333333334 Kappa accuracy (%)
98.33777777777777 Average accuracy (%)

              precision    recall  f1-score   support

           0       1.00      0.97      0.99      3750
           1       1.00      1.00      1.00      3750
           2       0.98      1.00      0.99      3750
           3       0.93      1.00      0.97      3750
           4       1.00      0.93      0.96      3750
           5       1.00      1.00      1.00      3750

    accuracy                           0.98     22500
   macro avg       0.98      0.98      0.98     22500
weighted avg       0.98      0.98      0.98     22500

[[3655    2   93    0    0    0]
 [   9 3741    0    0    0    0]
 [   0    0 3750    0    0    0]
 [   0    0    0 3750    0    0]
 [   0    0    0  270 3480    0]
 [   0    0    0    0    0 3750]]