Dataset : SA
N times : 20
TAU : 1.8
98.82222222222222 Overall accuracy (%)
98.58666666666667 Kappa accuracy (%)
98.82222222222222 Average accuracy (%)

              precision    recall  f1-score   support

           0       1.00      1.00      1.00     15000
           1       1.00      1.00      1.00     15000
           2       1.00      0.99      1.00     15000
           3       0.96      0.99      0.98     15000
           4       0.99      1.00      0.99     15000
           5       0.99      0.95      0.97     15000

    accuracy                           0.99     90000
   macro avg       0.99      0.99      0.99     90000
weighted avg       0.99      0.99      0.99     90000

[[15000     0     0     0     0     0]
 [    0 15000     0     0     0     0]
 [   45    67 14888     0     0     0]
 [    0     0     0 14856     0   144]
 [    0     0     0     0 15000     0]
 [    0     0     0   601   203 14196]]