Dataset : IP
N times : 20
TAU : 1.8
90.40882037271929 Overall accuracy (%)
89.0951084937323 Kappa accuracy (%)
90.873532288843 Average accuracy (%)

              precision    recall  f1-score   support

           1       0.81      0.93      0.87        46
           2       0.85      0.86      0.86      1428
           3       0.97      0.84      0.90       830
           4       0.56      0.79      0.66       237
           5       1.00      0.91      0.95       483
           6       1.00      0.99      0.99       730
           7       0.47      0.96      0.64        28
           8       1.00      1.00      1.00       478
           9       0.27      1.00      0.43        20
          10       0.93      0.93      0.93       972
          11       0.93      0.91      0.92      2455
          12       0.84      0.73      0.78       593
          13       0.83      0.89      0.86       205
          14       0.99      0.99      0.99      1265
          15       0.99      0.83      0.90       386
          16       0.42      0.97      0.58        93

    accuracy                           0.90     10249
   macro avg       0.80      0.91      0.83     10249
weighted avg       0.92      0.90      0.91     10249

[[  43    0    0    0    0    3    0    0    0    0    0    0    0    0
     0    0]
 [   0 1233    6   63    0    0    0    0    0    7   85   34    0    0
     0    0]
 [   0    0  697   86    0    0    0    0   43    3    0    1    0    0
     0    0]
 [   0   42    6  188    0    0    0    0    0    0    0    1    0    0
     0    0]
 [   0    0    0    0  439    0   28    0    4    0    0    0    0   12
     0    0]
 [  10    0    0    0    0  720    0    0    0    0    0    0    0    0
     0    0]
 [   0    0    0    0    1    0   27    0    0    0    0    0    0    0
     0    0]
 [   0    0    0    0    0    0    0  477    0    0    0    0    0    1
     0    0]
 [   0    0    0    0    0    0    0    0   20    0    0    0    0    0
     0    0]
 [   0    4    0    0    0    0    0    0    0  900   66    2    0    0
     0    0]
 [   0  125    1    0    0    0    0    0    3   60 2238   26    1    1
     0    0]
 [   0   49    0    0    1    0    0    0    0    0    2  435    0    1
     0  105]
 [   0    1   10    0    0    0    0    0    3    0    3    6  182    0
     0    0]
 [   0    0    0    0    0    0    0    0    0    0    0    6    0 1256
     3    0]
 [   0    0    0    0    0    0    2    0    0    0    0    6   36    0
   321   21]
 [   0    0    0    0    0    0    0    0    0    0    0    3    0    0
     0   90]]