Dataset : IP
N times : 20
TAU : 1.8
91.01375743975022 Overall accuracy (%)
89.81806589042597 Kappa accuracy (%)
91.24116646272918 Average accuracy (%)

              precision    recall  f1-score   support

           1       0.42      0.91      0.58        46
           2       0.90      0.84      0.87      1428
           3       0.92      0.85      0.88       830
           4       0.38      0.79      0.51       237
           5       0.98      0.77      0.86       483
           6       0.99      0.99      0.99       730
           7       0.22      1.00      0.36        28
           8       1.00      0.89      0.94       478
           9       0.31      1.00      0.48        20
          10       0.97      0.98      0.97       972
          11       0.99      0.93      0.96      2455
          12       0.93      0.80      0.86       593
          13       0.93      0.94      0.93       205
          14       1.00      1.00      1.00      1265
          15       1.00      0.96      0.98       386
          16       0.50      0.95      0.66        93

    accuracy                           0.91     10249
   macro avg       0.78      0.91      0.80     10249
weighted avg       0.94      0.91      0.92     10249

[[  42    1    0    0    0    0    0    2    0    1    0    0    0    0
     0    0]
 [   0 1195   15  169    0    0    0    0    0    1   27   21    0    0
     0    0]
 [   0    0  706  119    2    0    0    0    3    0    0    0    0    0
     0    0]
 [   0   28   15  187    0    0    0    0    0    0    0    7    0    0
     0    0]
 [   0    0    5    9  372    0   51    0   41    0    5    0    0    0
     0    0]
 [   0    0    0    0    0  725    4    0    0    0    1    0    0    0
     0    0]
 [   0    0    0    0    0    0   28    0    0    0    0    0    0    0
     0    0]
 [  52    0    0    0    0    0    0  426    0    0    0    0    0    0
     0    0]
 [   0    0    0    0    0    0    0    0   20    0    0    0    0    0
     0    0]
 [   1    4    0    0    0    0   14    0    0  950    1    2    0    0
     0    0]
 [   0   84   11   10    3    7   25    0    0   23 2288    0    4    0
     0    0]
 [   3   16    4    0    1    0    1    0    0    4    0  477    0    0
     0   87]
 [   0    0   10    0    3    0    0    0    0    0    0    0  192    0
     0    0]
 [   1    0    0    0    0    1    0    0    0    0    0    0    1 1261
     1    0]
 [   0    0    0    0    0    0    6    0    0    0    0    0    9    0
   371    0]
 [   0    0    0    0    0    0    0    0    0    0    0    5    0    0
     0   88]]