Dataset : IP
N times : 20
TAU : 1.8
99.46333333333334 Overall accuracy (%)
99.356 Kappa accuracy (%)
99.46333333333332 Average accuracy (%)

              precision    recall  f1-score   support

           0       1.00      0.99      0.99     15000
           1       1.00      1.00      1.00     15000
           2       0.99      1.00      0.99     15000
           3       0.98      1.00      0.99     15000
           4       1.00      0.98      0.99     15000
           5       1.00      1.00      1.00     15000

    accuracy                           0.99     90000
   macro avg       0.99      0.99      0.99     90000
weighted avg       0.99      0.99      0.99     90000

[[14840     0   160     0     0     0]
 [   11 14989     0     0     0     0]
 [    0     0 15000     0     0     0]
 [    0     0     0 15000     0     0]
 [    0     0     0   245 14755     0]
 [    0     0     0    57    10 14933]]