Dataset : IP
N times : 20
TAU : 1.8
91.07229973655967 Overall accuracy (%)
89.86953934338618 Kappa accuracy (%)
91.98223517610248 Average accuracy (%)

              precision    recall  f1-score   support

           1       0.74      0.87      0.80        46
           2       0.87      0.86      0.86      1428
           3       0.87      0.89      0.88       830
           4       0.52      0.82      0.64       237
           5       0.96      0.87      0.91       483
           6       1.00      0.99      0.99       730
           7       0.23      1.00      0.37        28
           8       0.99      0.98      0.99       478
           9       0.51      1.00      0.68        20
          10       0.91      0.95      0.93       972
          11       0.96      0.89      0.93      2455
          12       0.91      0.80      0.85       593
          13       1.00      0.93      0.96       205
          14       1.00      0.99      0.99      1265
          15       0.97      0.90      0.94       386
          16       0.67      0.97      0.79        93

    accuracy                           0.91     10249
   macro avg       0.82      0.92      0.84     10249
weighted avg       0.93      0.91      0.92     10249

[[  40    1    0    0    0    0    0    5    0    0    0    0    0    0
     0    0]
 [   0 1230   28  111    0    0    0    0    0    0   27   32    0    0
     0    0]
 [   0    3  739   61    0    0    0    0   10    0   17    0    0    0
     0    0]
 [   0   26   10  195    0    0    0    0    0    0    0    6    0    0
     0    0]
 [   0    0    5    0  420    0   46    0    1    7    0    4    0    0
     0    0]
 [   0    0    1    0    0  722    0    0    5    0    0    0    0    0
     2    0]
 [   0    0    0    0    0    0   28    0    0    0    0    0    0    0
     0    0]
 [   9    0    0    0    0    0    0  469    0    0    0    0    0    0
     0    0]
 [   0    0    0    0    0    0    0    0   20    0    0    0    0    0
     0    0]
 [   1    1    0    0    0    0    0    0    0  922   47    1    0    0
     0    0]
 [   0  112   58    7    3    3    0    0    0   73 2196    2    0    0
     1    0]
 [   0   41    1    0   13    0    9    0    0    7    1  476    0    0
     0   45]
 [   0    0    8    0    0    0    0    0    3    0    0    0  191    0
     3    0]
 [   0    5    0    0    2    0    7    0    0    0    0    0    0 1248
     3    0]
 [   4    0    0    0    0    0   34    0    0    0    0    0    0    0
   348    0]
 [   0    0    0    0    0    0    0    0    0    0    0    3    0    0
     0   90]]