Dataset : BW
N times : 20
TAU : 1.8
90.62666666666667 Overall accuracy (%)
88.28333333333333 Kappa accuracy (%)
90.62666666666665 Average accuracy (%)

              precision    recall  f1-score   support

           0       0.79      0.75      0.77     15000
           1       0.96      1.00      0.98     15000
           2       0.85      0.80      0.83     15000
           3       0.92      0.98      0.95     15000
           4       1.00      1.00      1.00     15000

    accuracy                           0.91     75000
   macro avg       0.90      0.91      0.90     75000
weighted avg       0.90      0.91      0.90     75000

[[11255   691  1925  1129     0]
 [   16 14951    33     0     0]
 [ 2814     0 12011   175     0]
 [  160     0    87 14753     0]
 [    0     0     0     0 15000]]