Dataset : BW
N times : 20
TAU : 1.8
93.70933333333333 Overall accuracy (%)
92.13666666666667 Kappa accuracy (%)
93.70933333333333 Average accuracy (%)

              precision    recall  f1-score   support

           0       0.87      0.82      0.84     15000
           1       0.96      1.00      0.98     15000
           2       0.88      0.88      0.88     15000
           3       0.98      0.99      0.98     15000
           4       1.00      1.00      1.00     15000

    accuracy                           0.94     75000
   macro avg       0.94      0.94      0.94     75000
weighted avg       0.94      0.94      0.94     75000

[[12257   679  1852   212     0]
 [    0 15000     0     0     0]
 [ 1724     0 13150   126     0]
 [   89     0    20 14875    16]
 [    0     0     0     0 15000]]