Dataset : BW
N times : 20
TAU : 1.8
96.70266666666667 Overall accuracy (%)
95.87833333333333 Kappa accuracy (%)
96.70266666666667 Average accuracy (%)

              precision    recall  f1-score   support

           0       0.98      0.86      0.91     15000
           1       0.93      1.00      0.96     15000
           2       0.98      0.98      0.98     15000
           3       0.96      1.00      0.98     15000
           4       1.00      1.00      1.00     15000

    accuracy                           0.97     75000
   macro avg       0.97      0.97      0.97     75000
weighted avg       0.97      0.97      0.97     75000

[[12831  1204   353   612     0]
 [    0 15000     0     0     0]
 [  239     0 14758     3     0]
 [   62     0     0 14938     0]
 [    0     0     0     0 15000]]