Dataset : IP
N times : 25
TAU : 1.8
97.9705337106059 Overall accuracy (%)
97.68641980086531 Kappa accuracy (%)
96.66828893216055 Average accuracy (%)

              precision    recall  f1-score   support

           1       0.70      0.98      0.82        46
           2       0.98      0.97      0.97      1428
           3       0.97      0.96      0.96       830
           4       0.77      0.81      0.79       237
           5       1.00      1.00      1.00       483
           6       1.00      1.00      1.00       730
           7       0.93      1.00      0.97        28
           8       1.00      0.96      0.98       478
           9       0.77      1.00      0.87        20
          10       1.00      1.00      1.00       972
          11       0.99      0.99      0.99      2455
          12       0.98      0.98      0.98       593
          13       0.97      0.85      0.90       205
          14       1.00      1.00      1.00      1265
          15       0.96      1.00      0.98       386
          16       0.91      0.98      0.94        93

    accuracy                           0.98     10249
   macro avg       0.93      0.97      0.95     10249
weighted avg       0.98      0.98      0.98     10249

[[  45    1    0    0    0    0    0    0    0    0    0    0    0    0
     0    0]
 [   0 1384    0   22    0    0    0    0    0    0   21    0    1    0
     0    0]
 [   0    0  794   34    0    0    0    0    2    0    0    0    0    0
     0    0]
 [   0   25   12  191    0    0    0    0    0    0    0    8    1    0
     0    0]
 [   0    0    0    0  481    0    0    0    2    0    0    0    0    0
     0    0]
 [   0    0    0    0    0  730    0    0    0    0    0    0    0    0
     0    0]
 [   0    0    0    0    0    0   28    0    0    0    0    0    0    0
     0    0]
 [  19    0    0    0    0    0    1  458    0    0    0    0    0    0
     0    0]
 [   0    0    0    0    0    0    0    0   20    0    0    0    0    0
     0    0]
 [   0    0    0    0    0    0    0    0    0  969    3    0    0    0
     0    0]
 [   0    5    0    0    0    0    0    0    0    4 2442    0    4    0
     0    0]
 [   0    0    0    0    0    0    0    0    0    0    0  584    0    0
     0    9]
 [   0    0   13    2    0    0    0    0    2    0    0    0  174    0
    14    0]
 [   0    0    0    0    0    0    1    0    0    0    0    0    0 1264
     0    0]
 [   0    0    0    0    0    0    0    0    0    0    0    0    0    0
   386    0]
 [   0    0    0    0    0    0    0    0    0    0    0    2    0    0
     0   91]]