Dataset : IP
N times : 25
TAU : 1.8
98.31888888888889 Overall accuracy (%)
97.98266666666666 Kappa accuracy (%)
98.31888888888889 Average accuracy (%)

              precision    recall  f1-score   support

           0       0.97      1.00      0.98     15000
           1       1.00      0.99      0.99     15000
           2       1.00      0.98      0.99     15000
           3       0.95      0.99      0.97     15000
           4       0.99      0.95      0.97     15000
           5       1.00      1.00      1.00     15000

    accuracy                           0.98     90000
   macro avg       0.98      0.98      0.98     90000
weighted avg       0.98      0.98      0.98     90000

[[14958    30    12     0     0     0]
 [  178 14821     1     0     0     0]
 [  301     0 14699     0     0     0]
 [    0     0     0 14831   169     0]
 [    0     0     0   818 14182     0]
 [    0     0     0     0     4 14996]]