Dataset : SA
N times : 25
TAU : 1.8
96.28 Overall accuracy (%)
95.536 Kappa accuracy (%)
96.28 Average accuracy (%)

              precision    recall  f1-score   support

           0       1.00      1.00      1.00     15000
           1       0.98      1.00      0.99     15000
           2       0.99      0.90      0.95     15000
           3       0.92      0.99      0.95     15000
           4       0.99      1.00      1.00     15000
           5       0.90      0.88      0.89     15000

    accuracy                           0.96     90000
   macro avg       0.96      0.96      0.96     90000
weighted avg       0.96      0.96      0.96     90000

[[15000     0     0     0     0     0]
 [    0 15000     0     0     0     0]
 [   28    46 13571    89     0  1266]
 [    0     0     0 14845     0   155]
 [    0     0     0     0 15000     0]
 [    5   261    92  1287   119 13236]]