Dataset : SA
N times : 25
TAU : 1.8
90.20222222222222 Overall accuracy (%)
88.24266666666666 Kappa accuracy (%)
90.20222222222222 Average accuracy (%)

              precision    recall  f1-score   support

           0       1.00      1.00      1.00     15000
           1       1.00      1.00      1.00     15000
           2       0.83      0.77      0.80     15000
           3       0.84      0.99      0.91     15000
           4       0.99      1.00      1.00     15000
           5       0.74      0.65      0.69     15000

    accuracy                           0.90     90000
   macro avg       0.90      0.90      0.90     90000
weighted avg       0.90      0.90      0.90     90000

[[14971     0     0     0     0    29]
 [    0 15000     0     0     0     0]
 [    0     0 11600   129     0  3271]
 [    0     0    28 14790     0   182]
 [    0     0     0     0 15000     0]
 [   18    60  2374  2593   134  9821]]