Dataset : SA
N times : 25
TAU : 1.8
93.27777777777779 Overall accuracy (%)
91.93333333333334 Kappa accuracy (%)
93.27777777777779 Average accuracy (%)

              precision    recall  f1-score   support

           0       1.00      1.00      1.00     15000
           1       1.00      1.00      1.00     15000
           2       1.00      0.96      0.98     15000
           3       0.76      0.94      0.84     15000
           4       0.99      1.00      0.99     15000
           5       0.88      0.70      0.78     15000

    accuracy                           0.93     90000
   macro avg       0.94      0.93      0.93     90000
weighted avg       0.94      0.93      0.93     90000

[[15000     0     0     0     0     0]
 [    0 15000     0     0     0     0]
 [   66    54 14356    52     0   472]
 [    0     0     0 14055     0   945]
 [    0     0     0     2 14998     0]
 [    5     0     0  4294   160 10541]]