Dataset : SA
N times : 25
TAU : 1.8
87.48 Overall accuracy (%)
84.976 Kappa accuracy (%)
87.47999999999999 Average accuracy (%)

              precision    recall  f1-score   support

           0       0.81      0.95      0.88     15000
           1       1.00      1.00      1.00     15000
           2       0.99      0.95      0.97     15000
           3       0.69      0.97      0.81     15000
           4       0.99      1.00      0.99     15000
           5       0.85      0.37      0.52     15000

    accuracy                           0.87     90000
   macro avg       0.89      0.87      0.86     90000
weighted avg       0.89      0.87      0.86     90000

[[14319     1    95     0    42   543]
 [    0 15000     0     0     0     0]
 [  519    42 14289   135     0    15]
 [    0    28     2 14589     0   381]
 [    0     0     0     0 15000     0]
 [ 2847     0     2  6491   125  5535]]