Dataset : SA
N times : 25
TAU : 1.8
96.29777777777778 Overall accuracy (%)
95.55733333333333 Kappa accuracy (%)
96.29777777777777 Average accuracy (%)

              precision    recall  f1-score   support

           0       1.00      1.00      1.00     15000
           1       1.00      1.00      1.00     15000
           2       1.00      0.97      0.99     15000
           3       0.87      0.95      0.91     15000
           4       0.98      1.00      0.99     15000
           5       0.93      0.85      0.89     15000

    accuracy                           0.96     90000
   macro avg       0.96      0.96      0.96     90000
weighted avg       0.96      0.96      0.96     90000

[[15000     0     0     0     0     0]
 [    0 15000     0     0     0     0]
 [    1     0 14600    50     0   349]
 [    0     0     0 14251   187   562]
 [    0     0     0     0 15000     0]
 [    0     0     0  2110    73 12817]]