Dataset : SA
N times : 25
TAU : 1.8
97.61666666666666 Overall accuracy (%)
97.14 Kappa accuracy (%)
97.61666666666667 Average accuracy (%)

              precision    recall  f1-score   support

           0       0.97      1.00      0.98     15000
           1       0.99      1.00      1.00     15000
           2       1.00      0.96      0.98     15000
           3       1.00      0.99      1.00     15000
           4       0.91      1.00      0.95     15000
           5       0.99      0.90      0.95     15000

    accuracy                           0.98     90000
   macro avg       0.98      0.98      0.98     90000
weighted avg       0.98      0.98      0.98     90000

[[15000     0     0     0     0     0]
 [    0 15000     0     0     0     0]
 [  447    96 14442     4     0    11]
 [   33     0     0 14883     0    84]
 [    0     0     0     0 14971    29]
 [   48     0     0     1  1392 13559]]