Dataset : SA
N times : 25
TAU : 1.8
95.69333333333333 Overall accuracy (%)
94.832 Kappa accuracy (%)
95.69333333333333 Average accuracy (%)

              precision    recall  f1-score   support

           0       0.93      1.00      0.97     15000
           1       1.00      1.00      1.00     15000
           2       1.00      0.96      0.98     15000
           3       0.89      0.90      0.89     15000
           4       1.00      1.00      1.00     15000
           5       0.93      0.88      0.90     15000

    accuracy                           0.96     90000
   macro avg       0.96      0.96      0.96     90000
weighted avg       0.96      0.96      0.96     90000

[[14999     0     0     0     0     1]
 [    0 15000     0     0     0     0]
 [   99     1 14419     0     0   481]
 [  919     0     1 13504     0   576]
 [    0     0     0     0 15000     0]
 [   69     0     0  1729     0 13202]]