Dataset : SA
N times : 25
TAU : 1.8
99.11222222222223 Overall accuracy (%)
98.93466666666667 Kappa accuracy (%)
99.11222222222223 Average accuracy (%)

              precision    recall  f1-score   support

           0       0.99      1.00      0.99     15000
           1       1.00      1.00      1.00     15000
           2       1.00      0.99      0.99     15000
           3       0.98      0.99      0.99     15000
           4       0.99      1.00      1.00     15000
           5       0.99      0.96      0.98     15000

    accuracy                           0.99     90000
   macro avg       0.99      0.99      0.99     90000
weighted avg       0.99      0.99      0.99     90000

[[15000     0     0     0     0     0]
 [    0 15000     0     0     0     0]
 [   96     0 14831     0     0    73]
 [    0     0     0 14915     0    85]
 [    0     0     0     0 15000     0]
 [  123    18     9   281   114 14455]]