Dataset : SA
N times : 25
TAU : 1.8
93.86777777777779 Overall accuracy (%)
92.64133333333334 Kappa accuracy (%)
93.86777777777779 Average accuracy (%)

              precision    recall  f1-score   support

           0       0.92      1.00      0.96     15000
           1       0.98      1.00      0.99     15000
           2       1.00      0.92      0.96     15000
           3       0.83      0.99      0.90     15000
           4       1.00      1.00      1.00     15000
           5       0.93      0.72      0.81     15000

    accuracy                           0.94     90000
   macro avg       0.94      0.94      0.94     90000
weighted avg       0.94      0.94      0.94     90000

[[14967     0     0     0     0    33]
 [    0 15000     0     0     0     0]
 [  255   276 13772    12    17   668]
 [    0     0     0 14886     0   114]
 [    0     0     0     0 15000     0]
 [ 1024     0     3  3116     1 10856]]