Dataset : SA
N times : 25
TAU : 1.8
97.58666666666667 Overall accuracy (%)
97.104 Kappa accuracy (%)
97.58666666666667 Average accuracy (%)

              precision    recall  f1-score   support

           0       0.90      0.99      0.94     15000
           1       1.00      1.00      1.00     15000
           2       0.98      0.99      0.98     15000
           3       1.00      0.98      0.99     15000
           4       1.00      1.00      1.00     15000
           5       0.99      0.90      0.94     15000

    accuracy                           0.98     90000
   macro avg       0.98      0.98      0.98     90000
weighted avg       0.98      0.98      0.98     90000

[[14870     0     0    17     0   113]
 [    0 15000     0     0     0     0]
 [  130     1 14846     0     0    23]
 [  333     0     0 14666     0     1]
 [    0     0     0     0 14972    28]
 [ 1158     0   359     9     0 13474]]