Dataset : IP
N times : 25
TAU : 1
98.64444444444445 Overall accuracy (%)
98.37333333333333 Kappa accuracy (%)
98.64444444444445 Average accuracy (%)

              precision    recall  f1-score   support

           0       1.00      1.00      1.00     15000
           1       1.00      1.00      1.00     15000
           2       1.00      1.00      1.00     15000
           3       0.92      1.00      0.96     15000
           4       1.00      0.92      0.96     15000
           5       1.00      1.00      1.00     15000

    accuracy                           0.99     90000
   macro avg       0.99      0.99      0.99     90000
weighted avg       0.99      0.99      0.99     90000

[[15000     0     0     0     0     0]
 [    2 14998     0     0     0     0]
 [    0     0 15000     0     0     0]
 [    0     0     0 15000     0     0]
 [    0     0     0  1218 13782     0]
 [    0     0     0     0     0 15000]]