Dataset : IP
N times : 25
TAU : 1
88.52570982534883 Overall accuracy (%)
86.99530923352245 Kappa accuracy (%)
85.64287266127405 Average accuracy (%)

              precision    recall  f1-score   support

           1       0.12      0.61      0.20        46
           2       0.87      0.82      0.84      1428
           3       0.91      0.90      0.90       830
           4       0.37      0.49      0.42       237
           5       1.00      0.79      0.88       483
           6       1.00      1.00      1.00       730
           7       0.23      1.00      0.37        28
           8       0.94      0.58      0.72       478
           9       0.65      1.00      0.78        20
          10       0.83      0.97      0.89       972
          11       0.97      0.89      0.93      2455
          12       0.91      0.96      0.93       593
          13       0.88      0.74      0.80       205
          14       1.00      1.00      1.00      1265
          15       0.92      0.97      0.94       386
          16       0.82      0.99      0.90        93

    accuracy                           0.89     10249
   macro avg       0.78      0.86      0.78     10249
weighted avg       0.91      0.89      0.89     10249

[[  28    0    0    0    0    0    0   17    0    0    0    1    0    0
     0    0]
 [   2 1172   24  136    0    0    0    0    0   25   51   17    1    0
     0    0]
 [   0    1  744   63    0    0    0    0    8    0    1    9    4    0
     0    0]
 [   0   88   25  117    0    0    0    0    0    0    4    3    0    0
     0    0]
 [   5    0    0    0  382    0   96    0    0    0    0    0    0    0
     0    0]
 [   0    0    0    0    0  729    0    0    0    0    0    0    0    0
     1    0]
 [   0    0    0    0    0    0   28    0    0    0    0    0    0    0
     0    0]
 [ 199    0    0    0    0    0    0  279    0    0    0    0    0    0
     0    0]
 [   0    0    0    0    0    0    0    0   20    0    0    0    0    0
     0    0]
 [   0    0    0    0    0    0    0    0    0  939   11   22    0    0
     0    0]
 [   0   89    0    2    0    1    0    0    0  168 2187    3    3    0
     0    2]
 [   0    0    6    0    0    0    0    0    0    1    0  568    0    0
     0   18]
 [   0    0   19    0    0    0    0    0    3    0    0    0  152    0
    31    0]
 [   0    0    0    0    0    0    0    0    0    0    0    0    0 1263
     2    0]
 [   0    0    0    0    0    0    0    0    0    0    0    0   13    0
   373    0]
 [   0    0    0    0    0    0    0    0    0    0    0    1    0    0
     0   92]]