Dataset : IP
N times : 25
TAU : 1
92.21387452434384 Overall accuracy (%)
91.1497536054219 Kappa accuracy (%)
91.83617804059692 Average accuracy (%)

              precision    recall  f1-score   support

           1       0.42      0.76      0.54        46
           2       0.86      0.90      0.88      1428
           3       0.93      0.90      0.91       830
           4       0.55      0.75      0.63       237
           5       0.99      0.88      0.94       483
           6       1.00      0.96      0.98       730
           7       0.33      1.00      0.49        28
           8       0.98      0.90      0.94       478
           9       0.47      1.00      0.63        20
          10       0.93      0.94      0.93       972
          11       0.95      0.90      0.93      2455
          12       0.97      0.96      0.97       593
          13       0.91      0.90      0.90       205
          14       1.00      1.00      1.00      1265
          15       0.99      0.95      0.97       386
          16       0.82      1.00      0.90        93

    accuracy                           0.92     10249
   macro avg       0.82      0.92      0.85     10249
weighted avg       0.93      0.92      0.93     10249

[[  35    0    0    0    0    1    0   10    0    0    0    0    0    0
     0    0]
 [   0 1286   16   65    0    0    0    0    0    6   55    0    0    0
     0    0]
 [   0    7  743   75    0    0    0    0    0    0    5    0    0    0
     0    0]
 [   0   36   14  178    0    0    0    0    0    0    0    9    0    0
     0    0]
 [   0    0    0    8  427    0   28    0   20    0    0    0    0    0
     0    0]
 [   0    0    0    0    0  703   27    0    0    0    0    0    0    0
     0    0]
 [   0    0    0    0    0    0   28    0    0    0    0    0    0    0
     0    0]
 [  48    0    0    0    0    0    0  430    0    0    0    0    0    0
     0    0]
 [   0    0    0    0    0    0    0    0   20    0    0    0    0    0
     0    0]
 [   0    4    0    0    0    0    0    0    0  911   51    6    0    0
     0    0]
 [   0  160    5    0    0    0    3    0    0   65 2220    0    1    0
     0    1]
 [   0    5    2    0    1    0    0    0    1    0    0  567    0    0
     0   17]
 [   0    0   17    0    0    0    0    0    2    0    0    0  184    0
     2    0]
 [   0    0    0    0    2    0    0    0    0    0    0    0    0 1260
     0    3]
 [   0    0    0    0    0    0    0    0    0    0    0    0   18    2
   366    0]
 [   0    0    0    0    0    0    0    0    0    0    0    0    0    0
     0   93]]