Dataset : IP
N times : 25
TAU : 1
99.55222222222221 Overall accuracy (%)
99.46266666666666 Kappa accuracy (%)
99.55222222222221 Average accuracy (%)

              precision    recall  f1-score   support

           0       1.00      1.00      1.00     15000
           1       1.00      1.00      1.00     15000
           2       1.00      1.00      1.00     15000
           3       0.97      1.00      0.99     15000
           4       1.00      0.97      0.99     15000
           5       1.00      1.00      1.00     15000

    accuracy                           1.00     90000
   macro avg       1.00      1.00      1.00     90000
weighted avg       1.00      1.00      1.00     90000

[[14987     0    13     0     0     0]
 [    0 15000     0     0     0     0]
 [    0     0 15000     0     0     0]
 [    0     0     0 15000     0     0]
 [    0     0     0   389 14610     1]
 [    0     0     0     0     0 15000]]