Dataset : IP
N times : 15
TAU : 1.8
98.43666666666667 Overall accuracy (%)
98.124 Kappa accuracy (%)
98.43666666666667 Average accuracy (%)

              precision    recall  f1-score   support

           0       0.97      0.97      0.97     15000
           1       1.00      1.00      1.00     15000
           2       0.97      0.97      0.97     15000
           3       0.97      1.00      0.99     15000
           4       1.00      0.97      0.99     15000
           5       1.00      1.00      1.00     15000

    accuracy                           0.98     90000
   macro avg       0.98      0.98      0.98     90000
weighted avg       0.98      0.98      0.98     90000

[[14507     0   493     0     0     0]
 [    2 14998     0     0     0     0]
 [  477     0 14523     0     0     0]
 [    0     0     0 15000     0     0]
 [    0     0     0   435 14565     0]
 [    0     0     0     0     0 15000]]