Dataset : IP
N times : 15
TAU : 1.8
87.95004390672261 Overall accuracy (%)
86.35407680460908 Kappa accuracy (%)
90.42966198065047 Average accuracy (%)

              precision    recall  f1-score   support

           1       0.27      0.98      0.43        46
           2       0.78      0.84      0.81      1428
           3       0.92      0.82      0.87       830
           4       0.45      0.88      0.60       237
           5       0.96      0.81      0.88       483
           6       1.00      1.00      1.00       730
           7       0.42      1.00      0.59        28
           8       1.00      0.76      0.86       478
           9       0.27      1.00      0.43        20
          10       0.94      0.93      0.94       972
          11       0.95      0.86      0.90      2455
          12       0.89      0.77      0.83       593
          13       0.96      0.98      0.97       205
          14       0.99      0.97      0.98      1265
          15       0.95      0.95      0.95       386
          16       0.47      0.92      0.62        93

    accuracy                           0.88     10249
   macro avg       0.76      0.90      0.79     10249
weighted avg       0.91      0.88      0.89     10249

[[  45    0    0    0    0    0    0    1    0    0    0    0    0    0
     0    0]
 [   0 1196   20   98    2    0    0    0    0   15   69   26    0    2
     0    0]
 [   0    2  682  134    2    0    0    0    6    0    1    2    1    0
     0    0]
 [   0    7   12  209    0    0    0    0    0    0    0    9    0    0
     0    0]
 [   0    0    0   18  392    0   23    0   45    0    0    0    0    5
     0    0]
 [   0    0    0    0    0  727    1    0    0    0    0    0    0    0
     2    0]
 [   0    0    0    0    0    0   28    0    0    0    0    0    0    0
     0    0]
 [ 116    0    0    0    0    0    0  362    0    0    0    0    0    0
     0    0]
 [   0    0    0    0    0    0    0    0   20    0    0    0    0    0
     0    0]
 [   0   10    0    0    0    0    0    0    0  905   45   12    0    0
     0    0]
 [   0  287   16    0    3    0    1    0    0   39 2106    1    0    1
     1    0]
 [   1   16    8    0   10    0    1    0    0    0    0  457    0    2
     0   98]
 [   0    0    1    0    0    0    0    0    3    0    0    0  200    0
     1    0]
 [   3    7    0    3    0    0    4    0    0    0    0    0    0 1232
    16    0]
 [   0    0    0    0    0    1    9    0    0    0    0    0    8    1
   367    0]
 [   0    0    0    0    0    0    0    0    0    0    0    7    0    0
     0   86]]