Dataset : IP
N times : 15
TAU : 1.8
98.32666666666667 Overall accuracy (%)
97.992 Kappa accuracy (%)
98.32666666666667 Average accuracy (%)

              precision    recall  f1-score   support

           0       1.00      0.98      0.99     15000
           1       1.00      1.00      1.00     15000
           2       0.98      1.00      0.99     15000
           3       0.98      1.00      0.99     15000
           4       1.00      0.92      0.96     15000
           5       0.94      1.00      0.97     15000

    accuracy                           0.98     90000
   macro avg       0.98      0.98      0.98     90000
weighted avg       0.98      0.98      0.98     90000

[[14727     0   273     0     0     0]
 [   40 14960     0     0     0     0]
 [    0     0 15000     0     0     0]
 [    0     0     0 15000     0     0]
 [    0     0     0   268 13807   925]
 [    0     0     0     0     0 15000]]