Dataset : IP
N times : 15
TAU : 1.8
88.98429115035613 Overall accuracy (%)
87.52317518209412 Kappa accuracy (%)
90.15594813129202 Average accuracy (%)

              precision    recall  f1-score   support

           1       0.34      0.91      0.50        46
           2       0.88      0.80      0.84      1428
           3       0.89      0.84      0.86       830
           4       0.44      0.80      0.57       237
           5       0.98      0.96      0.97       483
           6       0.99      1.00      0.99       730
           7       0.51      1.00      0.67        28
           8       0.99      0.91      0.95       478
           9       0.57      1.00      0.73        20
          10       0.85      0.85      0.85       972
          11       0.96      0.90      0.93      2455
          12       0.87      0.83      0.85       593
          13       0.78      0.81      0.80       205
          14       1.00      1.00      1.00      1265
          15       0.97      0.84      0.90       386
          16       0.39      0.97      0.56        93

    accuracy                           0.89     10249
   macro avg       0.78      0.90      0.81     10249
weighted avg       0.91      0.89      0.90     10249

[[  42    0    0    0    0    0    0    3    0    0    0    1    0    0
     0    0]
 [   0 1138   32  135    0    0    0    0    0   49   52   21    0    0
     0    1]
 [   0    4  698  100    0    0    0    0    8    2    6   12    0    0
     0    0]
 [   0   36    2  190    0    0    0    0    0    0    0    9    0    0
     0    0]
 [   0    0    0    2  462    0   18    0    1    0    0    0    0    0
     0    0]
 [   0    0    0    0    0  728    0    0    1    0    1    0    0    0
     0    0]
 [   0    0    0    0    0    0   28    0    0    0    0    0    0    0
     0    0]
 [  43    0    0    0    0    0    0  435    0    0    0    0    0    0
     0    0]
 [   0    0    0    0    0    0    0    0   20    0    0    0    0    0
     0    0]
 [   0    4    0    0    0    0    0    0    0  831   25   17    0    0
     0   95]
 [   0  100   23    0    4    7    0    0    0   96 2212    9    0    0
     4    0]
 [  38   14    2    0    2    1    0    0    0    0    0  491    0    0
     0   45]
 [   0    0   28    0    0    0    0    0    4    0    0    0  167    0
     6    0]
 [   0    1    0    0    2    0    0    0    0    0    0    0    0 1262
     0    0]
 [   0    0    0    0    1    0    9    0    1    0    0    1   48    0
   326    0]
 [   0    0    0    0    0    0    0    0    0    2    0    1    0    0
     0   90]]