Dataset : IP
N times : 15
TAU : 1.8
97.93111111111111 Overall accuracy (%)
97.51733333333334 Kappa accuracy (%)
97.93111111111111 Average accuracy (%)

              precision    recall  f1-score   support

           0       0.99      1.00      1.00     15000
           1       1.00      0.99      1.00     15000
           2       1.00      1.00      1.00     15000
           3       0.90      1.00      0.95     15000
           4       1.00      0.88      0.94     15000
           5       1.00      1.00      1.00     15000

    accuracy                           0.98     90000
   macro avg       0.98      0.98      0.98     90000
weighted avg       0.98      0.98      0.98     90000

[[14996     0     4     0     0     0]
 [  123 14877     0     0     0     0]
 [    0     0 15000     0     0     0]
 [    0     0     0 15000     0     0]
 [    0     0     0  1735 13265     0]
 [    0     0     0     0     0 15000]]