Dataset : IP
N times : 15
TAU : 1.8
93.46277685627867 Overall accuracy (%)
92.55284557642067 Kappa accuracy (%)
92.3327435645513 Average accuracy (%)

              precision    recall  f1-score   support

           1       0.87      0.89      0.88        46
           2       0.90      0.92      0.91      1428
           3       0.89      0.85      0.87       830
           4       0.52      0.62      0.56       237
           5       0.98      0.93      0.95       483
           6       1.00      1.00      1.00       730
           7       0.41      1.00      0.58        28
           8       1.00      0.99      0.99       478
           9       0.69      1.00      0.82        20
          10       0.98      0.94      0.96       972
          11       0.96      0.95      0.95      2455
          12       0.92      0.88      0.90       593
          13       0.96      0.89      0.92       205
          14       1.00      1.00      1.00      1265
          15       0.98      0.96      0.97       386
          16       0.70      0.96      0.81        93

    accuracy                           0.93     10249
   macro avg       0.86      0.92      0.88     10249
weighted avg       0.94      0.93      0.94     10249

[[  41    2    0    0    0    1    0    2    0    0    0    0    0    0
     0    0]
 [   0 1309    5   20    0    0    0    0    0    3   54   37    0    0
     0    0]
 [   0    0  708  119    0    0    0    0    3    0    0    0    0    0
     0    0]
 [   0   23   58  148    0    0    0    0    0    0    2    6    0    0
     0    0]
 [   0    0    4    0  448    0   27    0    4    0    0    0    0    0
     0    0]
 [   0    0    0    0    0  728    2    0    0    0    0    0    0    0
     0    0]
 [   0    0    0    0    0    0   28    0    0    0    0    0    0    0
     0    0]
 [   6    0    0    0    0    0    0  472    0    0    0    0    0    0
     0    0]
 [   0    0    0    0    0    0    0    0   20    0    0    0    0    0
     0    0]
 [   0    1    0    0    0    0    0    0    0  916   54    0    0    0
     1    0]
 [   0  101    1    0    3    0    2    0    0   11 2335    0    0    0
     2    0]
 [   0   22    4    0    4    0    1    0    0    0    0  522    1    0
     1   38]
 [   0    0   18    0    1    0    0    0    2    0    0    1  182    0
     1    0]
 [   0    0    0    0    1    0    0    0    0    0    0    0    0 1263
     1    0]
 [   0    0    0    0    0    0    9    0    0    0    0    0    7    0
   370    0]
 [   0    0    0    0    0    0    0    0    0    0    0    4    0    0
     0   89]]