Dataset : IP
N times : 25
TAU : 0.8
99.58666666666667 Overall accuracy (%)
99.504 Kappa accuracy (%)
99.58666666666667 Average accuracy (%)

              precision    recall  f1-score   support

           0       1.00      0.99      0.99      3750
           1       1.00      1.00      1.00      3750
           2       0.99      1.00      1.00      3750
           3       0.99      1.00      0.99      3750
           4       1.00      0.99      0.99      3750
           5       1.00      1.00      1.00      3750

    accuracy                           1.00     22500
   macro avg       1.00      1.00      1.00     22500
weighted avg       1.00      1.00      1.00     22500

[[3714    0   36    0    0    0]
 [   2 3748    0    0    0    0]
 [   0    0 3750    0    0    0]
 [   0    0    0 3750    0    0]
 [   0    0    0   55 3695    0]
 [   0    0    0    0    0 3750]]