Dataset : SA
N times : 5
TAU : 1.8
95.05444444444444 Overall accuracy (%)
94.06533333333333 Kappa accuracy (%)
95.05444444444443 Average accuracy (%)

              precision    recall  f1-score   support

           0       0.97      1.00      0.99     15000
           1       0.99      1.00      0.99     15000
           2       0.99      0.91      0.95     15000
           3       0.89      0.93      0.91     15000
           4       0.99      1.00      1.00     15000
           5       0.87      0.86      0.87     15000

    accuracy                           0.95     90000
   macro avg       0.95      0.95      0.95     90000
weighted avg       0.95      0.95      0.95     90000

[[15000     0     0     0     0     0]
 [    0 15000     0     0     0     0]
 [  312   201 13684     7     1   795]
 [    0     0     1 13918    18  1063]
 [    0     0     0     9 14991     0]
 [  135     1   164  1649    95 12956]]