Dataset : SA
N times : 5
TAU : 1.8
93.93222222222222 Overall accuracy (%)
92.71866666666668 Kappa accuracy (%)
93.93222222222222 Average accuracy (%)

              precision    recall  f1-score   support

           0       0.99      1.00      1.00     15000
           1       0.96      1.00      0.98     15000
           2       0.92      0.91      0.91     15000
           3       0.91      0.95      0.93     15000
           4       0.98      1.00      0.99     15000
           5       0.87      0.78      0.82     15000

    accuracy                           0.94     90000
   macro avg       0.94      0.94      0.94     90000
weighted avg       0.94      0.94      0.94     90000

[[15000     0     0     0     0     0]
 [    0 15000     0     0     0     0]
 [    4     0 13606    69     0  1321]
 [   13    12    19 14269   201   486]
 [    0     0     0     0 15000     0]
 [   91   670  1124  1347   104 11664]]