Dataset : SA
N times : 5
TAU : 1.8
92.29888888888888 Overall accuracy (%)
90.75866666666667 Kappa accuracy (%)
92.29888888888888 Average accuracy (%)

              precision    recall  f1-score   support

           0       0.93      1.00      0.97     15000
           1       0.90      1.00      0.94     15000
           2       0.84      0.76      0.80     15000
           3       1.00      1.00      1.00     15000
           4       1.00      1.00      1.00     15000
           5       0.86      0.78      0.82     15000

    accuracy                           0.92     90000
   macro avg       0.92      0.92      0.92     90000
weighted avg       0.92      0.92      0.92     90000

[[14999     0     1     0     0     0]
 [   13 14974     7     6     0     0]
 [   52  1598 11438     0     0  1912]
 [   13     2     0 14935    49     1]
 [    0     0     0     0 15000     0]
 [  970   134  2157    15     1 11723]]