Dataset : SA
N times : 5
TAU : 1.8
93.69111111111111 Overall accuracy (%)
92.42933333333333 Kappa accuracy (%)
93.69111111111111 Average accuracy (%)

              precision    recall  f1-score   support

           0       0.99      1.00      0.99     15000
           1       0.98      1.00      0.99     15000
           2       0.88      0.93      0.90     15000
           3       0.89      0.96      0.92     15000
           4       0.99      1.00      1.00     15000
           5       0.89      0.74      0.80     15000

    accuracy                           0.94     90000
   macro avg       0.94      0.94      0.94     90000
weighted avg       0.94      0.94      0.94     90000

[[15000     0     0     0     0     0]
 [    0 15000     0     0     0     0]
 [    1   259 13951     0     0   789]
 [    0     0    51 14343     0   606]
 [    0     0     0     0 15000     0]
 [  163   115  1890  1716    88 11028]]