Dataset : SA
N times : 5
TAU : 1.8
97.36222222222221 Overall accuracy (%)
96.83466666666666 Kappa accuracy (%)
97.36222222222221 Average accuracy (%)

              precision    recall  f1-score   support

           0       0.96      0.98      0.97     15000
           1       1.00      1.00      1.00     15000
           2       0.94      0.96      0.95     15000
           3       1.00      1.00      1.00     15000
           4       1.00      1.00      1.00     15000
           5       0.94      0.90      0.92     15000

    accuracy                           0.97     90000
   macro avg       0.97      0.97      0.97     90000
weighted avg       0.97      0.97      0.97     90000

[[14730     0     2     0     0   268]
 [    0 15000     0     0     0     0]
 [   12     3 14423     3     0   559]
 [    0     4     0 14995     1     0]
 [    0     0     0     0 15000     0]
 [  596     0   858    46    22 13478]]