Dataset : SA
N times : 25
TAU : 1
97.70444444444445 Overall accuracy (%)
97.24533333333333 Kappa accuracy (%)
97.70444444444443 Average accuracy (%)

              precision    recall  f1-score   support

           0       0.91      1.00      0.95     15000
           1       1.00      1.00      1.00     15000
           2       1.00      0.90      0.95     15000
           3       0.96      1.00      0.98     15000
           4       1.00      1.00      1.00     15000
           5       1.00      0.96      0.98     15000

    accuracy                           0.98     90000
   macro avg       0.98      0.98      0.98     90000
weighted avg       0.98      0.98      0.98     90000

[[15000     0     0     0     0     0]
 [    0 15000     0     0     0     0]
 [ 1452     7 13541     0     0     0]
 [    0     0     0 14976     0    24]
 [    0     0     0     0 14969    31]
 [    0     0     0   552     0 14448]]