Dataset : IP
N times : 1
TAU : 1.8
96.78 Overall accuracy (%)
96.136 Kappa accuracy (%)
96.77999999999999 Average accuracy (%)

              precision    recall  f1-score   support

           0       1.00      0.99      0.99     15000
           1       1.00      1.00      1.00     15000
           2       1.00      1.00      1.00     15000
           3       0.86      0.99      0.92     15000
           4       0.98      0.83      0.90     15000
           5       1.00      1.00      1.00     15000

    accuracy                           0.97     90000
   macro avg       0.97      0.97      0.97     90000
weighted avg       0.97      0.97      0.97     90000

[[14902    45    53     0     0     0]
 [   59 14931    10     0     0     0]
 [    9     4 14987     0     0     0]
 [    0     0     0 14780   212     8]
 [    0     0     0  2437 12503    60]
 [    0     0     0     1     0 14999]]