Dataset : IP
N times : 1
TAU : 1.8
98.29 Overall accuracy (%)
97.94800000000001 Kappa accuracy (%)
98.29 Average accuracy (%)

              precision    recall  f1-score   support

           0       0.98      0.99      0.98     15000
           1       0.99      0.99      0.99     15000
           2       0.99      1.00      1.00     15000
           3       0.95      0.99      0.97     15000
           4       0.98      0.94      0.96     15000
           5       1.00      1.00      1.00     15000

    accuracy                           0.98     90000
   macro avg       0.98      0.98      0.98     90000
weighted avg       0.98      0.98      0.98     90000

[[14782   148    70     0     0     0]
 [  206 14786     8     0     0     0]
 [   29    19 14952     0     0     0]
 [    0     0     0 14789   208     3]
 [    0     0     0   795 14166    39]
 [    0     0     0     2    12 14986]]