Dataset : IP
N times : 1
TAU : 1.8
72.63147624158455 Overall accuracy (%)
69.35483993039217 Kappa accuracy (%)
78.39118809562007 Average accuracy (%)

              precision    recall  f1-score   support

           1       0.13      0.76      0.22        46
           2       0.64      0.56      0.60      1428
           3       0.57      0.72      0.64       830
           4       0.29      0.71      0.41       237
           5       0.98      0.87      0.92       483
           6       0.97      0.96      0.96       730
           7       0.39      0.96      0.55        28
           8       0.97      0.69      0.81       478
           9       0.16      0.95      0.28        20
          10       0.70      0.74      0.72       972
          11       0.82      0.61      0.70      2455
          12       0.77      0.66      0.71       593
          13       0.53      0.63      0.58       205
          14       0.99      0.97      0.98      1265
          15       0.85      0.75      0.80       386
          16       0.36      1.00      0.53        93

    accuracy                           0.73     10249
   macro avg       0.63      0.78      0.65     10249
weighted avg       0.78      0.73      0.74     10249

[[  35    0    0    0    0    0    1    8    0    0    0    2    0    0
     0    0]
 [  11  805  143  300    0    1    0    1    2   19  110   25    0    0
     0   11]
 [   0   20  599   69    0    1    0    0   19    9   49   16    0    0
     0   48]
 [   0   39   22  168    0    0    0    0    0    2    1    5    0    0
     0    0]
 [   1    3    1    0  418    0   34    0    3    0    0   13    0    3
     6    1]
 [   0    0    0    0    0  700    0    0   26    0    1    0    0    0
     3    0]
 [   0    0    0    0    1    0   27    0    0    0    0    0    0    0
     0    0]
 [ 144    0    0    0    0    0    3  331    0    0    0    0    0    0
     0    0]
 [   0    0    0    0    0    0    0    0   19    0    0    0    1    0
     0    0]
 [   5   19   46    2    0    1    2    0    1  716  159   19    0    0
     0    2]
 [   6  354  201   36    1   19    0    0   14  269 1496   35    5    2
     2   15]
 [  66    9   21    0    1    0    3    0    1    9    0  391    1    0
     0   91]
 [   0    0   12    0    0    0    0    0   31    0    0    0  130    0
    32    0]
 [   0    0    0    0    7    0    0    0    0    0    0    1   22 1228
     7    0]
 [   0    0    0    0    0    0    0    0    1    0    0    1   87    9
   288    0]
 [   0    0    0    0    0    0    0    0    0    0    0    0    0    0
     0   93]]