Dataset : IP
N times : 1
TAU : 1.8
64.22089959996097 Overall accuracy (%)
60.360178291999866 Kappa accuracy (%)
71.88001678332331 Average accuracy (%)

              precision    recall  f1-score   support

           1       0.17      0.85      0.28        46
           2       0.50      0.55      0.52      1428
           3       0.51      0.77      0.61       830
           4       0.16      0.44      0.24       237
           5       0.82      0.89      0.86       483
           6       0.98      0.63      0.77       730
           7       0.26      0.79      0.39        28
           8       0.91      0.84      0.87       478
           9       0.05      0.70      0.10        20
          10       0.64      0.72      0.68       972
          11       0.79      0.36      0.49      2455
          12       0.57      0.54      0.55       593
          13       0.65      0.70      0.67       205
          14       0.96      0.98      0.97      1265
          15       0.91      0.83      0.87       386
          16       0.75      0.91      0.83        93

    accuracy                           0.64     10249
   macro avg       0.60      0.72      0.61     10249
weighted avg       0.72      0.64      0.65     10249

[[  39    0    0    0    0    0    1    6    0    0    0    0    0    0
     0    0]
 [  14  781   51  282    1    0    6    2    1   80   66  122    6    6
     2    8]
 [   4   47  643   50    0    1    0    0    8   22   34   13    8    0
     0    0]
 [   0   69   37  105    0    0    0    0    0    2   11   13    0    0
     0    0]
 [   9    0    0    1  432    0   37    0    2    0    0    0    0    2
     0    0]
 [   0    0   14    0   24  462    0    0  218    0    0    0    6    5
     1    0]
 [   0    0    0    0    6    0   22    0    0    0    0    0    0    0
     0    0]
 [  75    0    0    0    0    0    1  401    0    0    0    1    0    0
     0    0]
 [   0    0    0    0    0    6    0    0   14    0    0    0    0    0
     0    0]
 [  31   66    6    7   14    0    0    0    0  704  117   26    0    1
     0    0]
 [  10  525  463  151   30    4    8    0    2  281  872   67   28   12
     1    1]
 [  49   86   23   44    1    0    0   32    3   15    6  319    3    0
     0   12]
 [   0    1   31    0    0    0    0    0   11    0    0    0  143    0
    19    0]
 [   0    0    0    0   15    0    6    0    0    0    0    0    0 1241
     3    0]
 [   4    0    0    0    1    0    4    0    0    0    0    0   25   26
   319    7]
 [   0    0    0    0    0    0    0    0    0    0    0    3    0    1
     4   85]]