Dataset : BW
N times : 25
TAU : 1
97.84933333333333 Overall accuracy (%)
97.31166666666667 Kappa accuracy (%)
97.84933333333333 Average accuracy (%)

              precision    recall  f1-score   support

           0       0.99      0.92      0.95     15000
           1       1.00      1.00      1.00     15000
           2       0.92      1.00      0.96     15000
           3       0.99      0.98      0.98     15000
           4       0.99      1.00      1.00     15000

    accuracy                           0.98     75000
   macro avg       0.98      0.98      0.98     75000
weighted avg       0.98      0.98      0.98     75000

[[13794     0  1123    83     0]
 [    0 14984     0    16     0]
 [   10     0 14977    13     0]
 [  168     0   107 14632    93]
 [    0     0     0     0 15000]]