Dataset : BW
N times : 25
TAU : 1
95.25866666666667 Overall accuracy (%)
94.07333333333334 Kappa accuracy (%)
95.25866666666667 Average accuracy (%)

              precision    recall  f1-score   support

           0       0.99      0.96      0.98     15000
           1       0.97      0.98      0.98     15000
           2       0.97      0.93      0.95     15000
           3       0.92      0.90      0.91     15000
           4       0.92      0.99      0.95     15000

    accuracy                           0.95     75000
   macro avg       0.95      0.95      0.95     75000
weighted avg       0.95      0.95      0.95     75000

[[14473   425    97     5     0]
 [    1 14750   249     0     0]
 [    1     0 13953  1046     0]
 [  181     0    40 13459  1320]
 [    0     0     0   191 14809]]