Dataset : IP
N times : 25
TAU : 1.8
67.28461313298858 Overall accuracy (%)
63.656776337832824 Kappa accuracy (%)
74.78482832437172 Average accuracy (%)

              precision    recall  f1-score   support

           1       0.15      0.67      0.24        46
           2       0.81      0.53      0.64      1428
           3       0.52      0.58      0.55       830
           4       0.23      0.79      0.36       237
           5       0.87      0.77      0.82       483
           6       0.81      0.98      0.89       730
           7       0.13      1.00      0.24        28
           8       0.73      0.69      0.71       478
           9       0.19      1.00      0.31        20
          10       0.68      0.77      0.72       972
          11       0.84      0.57      0.68      2455
          12       0.61      0.42      0.50       593
          13       0.36      0.82      0.50       205
          14       0.95      0.88      0.91      1265
          15       0.83      0.53      0.64       386
          16       0.37      0.97      0.53        93

    accuracy                           0.67     10249
   macro avg       0.57      0.75      0.58     10249
weighted avg       0.76      0.67      0.69     10249

[[  31    0    0    0    0    0    0   12    0    3    0    0    0    0
     0    0]
 [  14  756   41  386    0   12    0   60    0   27   58   37    0   35
     2    0]
 [   0   17  478  210    0    4    0    0   20   25   40   36    0    0
     0    0]
 [   0   19   22  187    0    0    0    0    0    0    0    9    0    0
     0    0]
 [   0    2    0    0  372    2   63    2    0   12    3   22    0    0
     5    0]
 [   0    0    0    0    0  715    2    0    0    0    0    0    0    2
    11    0]
 [   0    0    0    0    0    0   28    0    0    0    0    0    0    0
     0    0]
 [ 130   14    0    0    0    0    0  330    0    3    0    0    0    0
     1    0]
 [   0    0    0    0    0    0    0    0   20    0    0    0    0    0
     0    0]
 [  35    0    0    0   21   13    0   39    0  745   87   32    0    0
     0    0]
 [   0   22  347   17   21  120    0    0   62  210 1411   16  215    7
     7    0]
 [   0   52    3    0   10    0    0    2    5   72   42  248    5    1
     0  153]
 [   0    0   24    2    0    0    0    0    0    0   10    0  169    0
     0    0]
 [   0   47    1    2    5    9   18    3    0    0   11    2   36 1113
    17    1]
 [   0    0    0    0    0    8   98    5    0    0   17    0   43   12
   203    0]
 [   0    0    0    0    0    0    0    0    0    0    0    3    0    0
     0   90]]