Dataset : IP
N times : 25
TAU : 1.8
97.93150551273295 Overall accuracy (%)
97.63897911405354 Kappa accuracy (%)
93.28846076772348 Average accuracy (%)

              precision    recall  f1-score   support

           1       0.86      0.83      0.84        46
           2       0.95      1.00      0.97      1428
           3       0.93      0.99      0.96       830
           4       0.98      0.54      0.69       237
           5       1.00      0.99      0.99       483
           6       1.00      1.00      1.00       730
           7       0.87      0.96      0.92        28
           8       0.99      0.99      0.99       478
           9       0.57      1.00      0.73        20
          10       1.00      1.00      1.00       972
          11       1.00      1.00      1.00      2455
          12       0.98      0.98      0.98       593
          13       0.97      0.76      0.85       205
          14       1.00      1.00      1.00      1265
          15       1.00      1.00      1.00       386
          16       0.75      0.89      0.81        93

    accuracy                           0.98     10249
   macro avg       0.93      0.93      0.92     10249
weighted avg       0.98      0.98      0.98     10249

[[  38    1    0    0    0    0    0    7    0    0    0    0    0    0
     0    0]
 [   0 1425    0    3    0    0    0    0    0    0    0    0    0    0
     0    0]
 [   0    0  820    0    0    0    0    0    6    0    0    0    4    0
     0    0]
 [   0   72   21  127    0    0    0    0    0    0    0    0    0    0
     0   17]
 [   0    0    0    0  479    0    4    0    0    0    0    0    0    0
     0    0]
 [   0    0    0    0    0  730    0    0    0    0    0    0    0    0
     0    0]
 [   0    0    0    0    1    0   27    0    0    0    0    0    0    0
     0    0]
 [   6    0    0    0    0    0    0  472    0    0    0    0    0    0
     0    0]
 [   0    0    0    0    0    0    0    0   20    0    0    0    0    0
     0    0]
 [   0    0    0    0    0    0    0    0    0  972    0    0    0    0
     0    0]
 [   0    0    0    0    0    0    0    0    0    0 2455    0    0    0
     0    0]
 [   0    0    0    0    0    0    0    0    0    0    0  582    0    0
     0   11]
 [   0    0   40    0    0    0    0    0    9    0    0    0  156    0
     0    0]
 [   0    0    0    0    0    0    0    0    0    0    0    0    0 1265
     0    0]
 [   0    0    0    0    0    0    0    0    0    0    0    0    0    0
   386    0]
 [   0    1    0    0    0    0    0    0    0    0    0    9    0    0
     0   83]]