Dataset : IP
N times : 25
TAU : 1.8
98.54 Overall accuracy (%)
98.248 Kappa accuracy (%)
98.53999999999999 Average accuracy (%)

              precision    recall  f1-score   support

           0       1.00      0.99      1.00     15000
           1       0.99      0.99      0.99     15000
           2       0.99      1.00      0.99     15000
           3       0.94      0.99      0.97     15000
           4       0.99      0.94      0.97     15000
           5       1.00      1.00      1.00     15000

    accuracy                           0.99     90000
   macro avg       0.99      0.99      0.99     90000
weighted avg       0.99      0.99      0.99     90000

[[14861   132     7     0     0     0]
 [    0 14843   157     0     0     0]
 [    0     0 15000     0     0     0]
 [    0     0     0 14853   147     0]
 [    0     0     0   871 14129     0]
 [    0     0     0     0     0 15000]]