Dataset : SA
N times : 1
TAU : 1.8
87.19333333333333 Overall accuracy (%)
84.63199999999999 Kappa accuracy (%)
87.19333333333333 Average accuracy (%)

              precision    recall  f1-score   support

           0       0.95      1.00      0.97     15000
           1       0.96      1.00      0.98     15000
           2       0.99      0.91      0.95     15000
           3       0.67      0.76      0.71     15000
           4       0.96      1.00      0.98     15000
           5       0.70      0.58      0.64     15000

    accuracy                           0.87     90000
   macro avg       0.87      0.87      0.87     90000
weighted avg       0.87      0.87      0.87     90000

[[14933     0    67     0     0     0]
 [    8 14987     5     0     0     0]
 [  801   615 13584     0     0     0]
 [    0     0     0 11326    36  3638]
 [    0     0     0    15 14926    59]
 [    0     0     0  5657   625  8718]]