Dataset : SA
N times : 1
TAU : 1.8
98.88888888888889 Overall accuracy (%)
98.66666666666667 Kappa accuracy (%)
98.88888888888889 Average accuracy (%)

              precision    recall  f1-score   support

           0       0.99      1.00      0.99     15000
           1       0.98      0.99      0.98     15000
           2       0.99      0.97      0.98     15000
           3       0.98      0.99      0.99     15000
           4       1.00      1.00      1.00     15000
           5       0.99      0.98      0.99     15000

    accuracy                           0.99     90000
   macro avg       0.99      0.99      0.99     90000
weighted avg       0.99      0.99      0.99     90000

[[14989     9     2     0     0     0]
 [   30 14847   123     0     0     0]
 [  119   326 14555     0     0     0]
 [    0     0     0 14912     4    84]
 [    0     0     0    17 14976     7]
 [    0     0     0   236    43 14721]]