Dataset : BW
N times : 25
TAU : 1
93.16533333333334 Overall accuracy (%)
91.45666666666666 Kappa accuracy (%)
93.16533333333332 Average accuracy (%)

              precision    recall  f1-score   support

           0       0.93      0.88      0.90     15000
           1       0.90      1.00      0.95     15000
           2       0.99      0.82      0.90     15000
           3       0.97      0.98      0.98     15000
           4       0.88      0.98      0.93     15000

    accuracy                           0.93     75000
   macro avg       0.94      0.93      0.93     75000
weighted avg       0.94      0.93      0.93     75000

[[13190  1669   141     0     0]
 [    0 15000     0     0     0]
 [  831     0 12293    15  1861]
 [  183     0     0 14763    54]
 [    0     0     0   372 14628]]