Dataset : IP
N times : 15
TAU : 1.8
83.13981851887989 Overall accuracy (%)
80.95745909010546 Kappa accuracy (%)
85.48037443227518 Average accuracy (%)

              precision    recall  f1-score   support

           1       1.00      1.00      1.00        46
           2       0.69      0.81      0.74      1428
           3       0.93      0.90      0.92       830
           4       0.40      0.60      0.48       237
           5       0.99      0.92      0.95       483
           6       0.99      1.00      0.99       730
           7       0.56      0.96      0.71        28
           8       1.00      1.00      1.00       478
           9       0.51      1.00      0.68        20
          10       0.81      0.88      0.84       972
          11       0.89      0.70      0.79      2455
          12       0.78      0.75      0.76       593
          13       0.45      0.54      0.49       205
          14       1.00      0.99      1.00      1265
          15       0.75      0.65      0.70       386
          16       0.43      0.97      0.60        93

    accuracy                           0.83     10249
   macro avg       0.76      0.85      0.79     10249
weighted avg       0.85      0.83      0.84     10249

[[  46    0    0    0    0    0    0    0    0    0    0    0    0    0
     0    0]
 [   0 1152   17  121    0    1    0    0    0    8  110   19    0    0
     0    0]
 [   0    4  748   64    0    0    0    0    3    3    3    5    0    0
     0    0]
 [   0   39   17  142    0    0    0    0    0    0    0   39    0    0
     0    0]
 [   0    0    1    2  445    0   20    0    2    0    0   13    0    0
     0    0]
 [   0    0    0    0    0  729    0    0    0    0    0    0    1    0
     0    0]
 [   0    0    0    0    1    0   27    0    0    0    0    0    0    0
     0    0]
 [   0    0    0    0    0    0    1  477    0    0    0    0    0    0
     0    0]
 [   0    0    0    0    0    0    0    0   20    0    0    0    0    0
     0    0]
 [   0    3    4    1    0    0    0    0    0  857   94   13    0    0
     0    0]
 [   0  480    8    3    0    9    0    0    1  190 1726   36    2    0
     0    0]
 [   0    1    3   25    0    0    0    0    2    0    0  444    0    0
     0  118]
 [   0    0    5    0    0    0    0    0   11    0    0    0  111    0
    78    0]
 [   0    0    0    0    3    0    0    0    0    0    0    0    1 1255
     6    0]
 [   0    0    0    0    0    0    0    0    0    0    0    0  134    0
   252    0]
 [   0    0    0    0    0    0    0    0    0    0    0    3    0    0
     0   90]]