Dataset : IP
N times : 15
TAU : 1.8
86.72065567372427 Overall accuracy (%)
84.98475211995587 Kappa accuracy (%)
90.97947282589783 Average accuracy (%)

              precision    recall  f1-score   support

           1       0.54      0.96      0.69        46
           2       0.73      0.81      0.77      1428
           3       0.93      0.87      0.90       830
           4       0.49      0.67      0.57       237
           5       0.97      0.87      0.92       483
           6       1.00      0.99      0.99       730
           7       0.62      1.00      0.77        28
           8       1.00      0.92      0.96       478
           9       0.23      1.00      0.37        20
          10       0.79      0.91      0.84       972
          11       0.91      0.75      0.82      2455
          12       0.86      0.96      0.91       593
          13       0.84      0.90      0.87       205
          14       1.00      0.97      0.98      1265
          15       0.97      0.98      0.98       386
          16       0.82      1.00      0.90        93

    accuracy                           0.87     10249
   macro avg       0.79      0.91      0.83     10249
weighted avg       0.88      0.87      0.87     10249

[[  44    0    0    0    0    0    0    1    0    1    0    0    0    0
     0    0]
 [   0 1158    4  100    0    0    0    0    0   20  109   35    0    0
     0    2]
 [   0   35  723   58    0    0    0    0   10    1    3    0    0    0
     0    0]
 [   0   28   37  159    0    0    0    0    0    0    0   13    0    0
     0    0]
 [   0    0    0    0  420    0    6    0   50    0    0    0    3    0
     4    0]
 [   0    0    0    0    0  723    5    0    0    0    0    0    0    0
     2    0]
 [   0    0    0    0    0    0   28    0    0    0    0    0    0    0
     0    0]
 [  37    0    0    0    0    0    1  440    0    0    0    0    0    0
     0    0]
 [   0    0    0    0    0    0    0    0   20    0    0    0    0    0
     0    0]
 [   0   10    0    0    0    0    0    0    0  881   71   10    0    0
     0    0]
 [   0  358    0    4    5    1    1    0    3  209 1837   36    0    0
     1    0]
 [   0    1    2    1    0    0    0    0    1    3    0  572    0    0
     0   13]
 [   0    0   11    0    6    0    0    0    3    0    0    0  184    1
     0    0]
 [   0    0    0    0    0    0    0    0    0    0    0    0   29 1228
     3    5]
 [   0    0    0    0    0    0    4    0    0    0    0    0    4    0
   378    0]
 [   0    0    0    0    0    0    0    0    0    0    0    0    0    0
     0   93]]