Dataset : IP
N times : 15
TAU : 1.8
98.30555555555556 Overall accuracy (%)
97.96666666666667 Kappa accuracy (%)
98.30555555555556 Average accuracy (%)

              precision    recall  f1-score   support

           0       1.00      1.00      1.00     15000
           1       1.00      1.00      1.00     15000
           2       1.00      1.00      1.00     15000
           3       0.91      1.00      0.95     15000
           4       1.00      0.91      0.95     15000
           5       1.00      1.00      1.00     15000

    accuracy                           0.98     90000
   macro avg       0.98      0.98      0.98     90000
weighted avg       0.98      0.98      0.98     90000

[[14967     0    33     0     0     0]
 [   73 14927     0     0     0     0]
 [    0     0 15000     0     0     0]
 [    0     0     0 15000     0     0]
 [    0     0     0  1418 13581     1]
 [    0     0     0     0     0 15000]]