Dataset : IP
N times : 15
TAU : 1.8
97.58666666666667 Overall accuracy (%)
97.104 Kappa accuracy (%)
97.58666666666667 Average accuracy (%)

              precision    recall  f1-score   support

           0       1.00      0.98      0.99     15000
           1       1.00      1.00      1.00     15000
           2       0.98      1.00      0.99     15000
           3       0.89      1.00      0.94     15000
           4       1.00      0.88      0.94     15000
           5       1.00      1.00      1.00     15000

    accuracy                           0.98     90000
   macro avg       0.98      0.98      0.98     90000
weighted avg       0.98      0.98      0.98     90000

[[14655     0   345     0     0     0]
 [    0 15000     0     0     0     0]
 [    0     0 15000     0     0     0]
 [    0     0     0 14958    42     0]
 [    0     0     0  1785 13215     0]
 [    0     0     0     0     0 15000]]