Dataset : IP
N times : 15
TAU : 1.8
78.524734120402 Overall accuracy (%)
75.8863690958291 Kappa accuracy (%)
82.50536577605422 Average accuracy (%)

              precision    recall  f1-score   support

           1       0.18      0.48      0.26        46
           2       0.67      0.66      0.67      1428
           3       0.68      0.86      0.76       830
           4       0.41      0.78      0.54       237
           5       0.97      0.87      0.92       483
           6       1.00      0.99      0.99       730
           7       0.30      0.89      0.45        28
           8       0.95      0.79      0.86       478
           9       0.49      1.00      0.66        20
          10       0.73      0.86      0.79       972
          11       0.84      0.59      0.69      2455
          12       0.70      0.81      0.75       593
          13       0.78      0.73      0.76       205
          14       0.99      0.99      0.99      1265
          15       0.90      0.91      0.91       386
          16       0.67      0.98      0.79        93

    accuracy                           0.79     10249
   macro avg       0.70      0.83      0.74     10249
weighted avg       0.81      0.79      0.79     10249

[[  22    0    0    0    0    0    1   22    0    0    0    1    0    0
     0    0]
 [   0  943   57  111    0    0    0    0    0  120  141   55    0    0
     0    1]
 [   0    1  711   89    0    2    0    0   13    0   14    0    0    0
     0    0]
 [   0   21    4  186    0    0    0    0    0    0   21    5    0    0
     0    0]
 [   0    0    0    0  421    0   55    0    0    0    0    0    0    5
     2    0]
 [   0    0    0    0    0  723    0    0    3    0    0    0    4    0
     0    0]
 [   0    0    0    0    3    0   25    0    0    0    0    0    0    0
     0    0]
 [  98    0    0    0    0    0    1  379    0    0    0    0    0    0
     0    0]
 [   0    0    0    0    0    0    0    0   20    0    0    0    0    0
     0    0]
 [   0    4    0    0    0    0    0    0    0  838   60   48    0    1
     0   21]
 [   0  429  244   64    3    1    0    0    1  141 1456  101    2    4
     3    6]
 [   1    0    3    0    0    0    0    0    0   46   44  481    0    0
     1   17]
 [   0    0   24    0    0    0    0    0    4    0    0    0  150    0
    27    0]
 [   0    0    0    0    7    0    2    0    0    0    0    0    0 1252
     4    0]
 [   0    0    0    0    0    0    0    0    0    0    0    0   36    0
   350    0]
 [   0    0    0    0    0    0    0    0    0    2    0    0    0    0
     0   91]]