Dataset : IP
N times : 15
TAU : 1.8
83.29593131037174 Overall accuracy (%)
81.21852882781663 Kappa accuracy (%)
87.47287701491595 Average accuracy (%)

              precision    recall  f1-score   support

           1       0.23      0.67      0.34        46
           2       0.69      0.78      0.73      1428
           3       0.82      0.91      0.87       830
           4       0.48      0.85      0.61       237
           5       1.00      0.93      0.96       483
           6       0.96      0.96      0.96       730
           7       0.52      0.96      0.67        28
           8       0.96      0.78      0.87       478
           9       0.65      1.00      0.78        20
          10       0.82      0.90      0.85       972
          11       0.92      0.66      0.77      2455
          12       0.86      0.83      0.84       593
          13       0.80      0.78      0.79       205
          14       0.99      0.99      0.99      1265
          15       0.92      0.99      0.95       386
          16       0.40      1.00      0.57        93

    accuracy                           0.83     10249
   macro avg       0.75      0.87      0.79     10249
weighted avg       0.86      0.83      0.84     10249

[[  31    0    0    0    0    0    0   14    0    0    0    1    0    0
     0    0]
 [   1 1114   21  102    0    0    0    0    0   28   70   43    2    0
     0   47]
 [   0    1  759   59    0    0    0    0    4    0    7    0    0    0
     0    0]
 [   0   18   14  202    0    0    0    0    0    0    0    2    1    0
     0    0]
 [   0    0    0    0  449    0   22    0    1    0    0    0    0   11
     0    0]
 [   0    0    1    0    0  700    0    0    0    0    0    0   29    0
     0    0]
 [   0    0    0    0    1    0   27    0    0    0    0    0    0    0
     0    0]
 [ 102    0    0    0    0    0    1  375    0    0    0    0    0    0
     0    0]
 [   0    0    0    0    0    0    0    0   20    0    0    0    0    0
     0    0]
 [   0    4    0    0    0    0    0    0    0  873   59   17    0    0
     0   19]
 [   0  467  121   44    0    0    0    0    1  170 1612   15    3    0
     4   18]
 [   0   21    4   13    0    0    2    0    2    0    1  490    0    0
     2   58]
 [   0    0    2    0    0   28    0    0    3    0    0    0  160    0
    12    0]
 [   0    0    0    0    0    0    0    0    0    0    0    0    0 1251
    14    0]
 [   0    0    0    0    0    0    0    0    0    0    0    0    5    0
   381    0]
 [   0    0    0    0    0    0    0    0    0    0    0    0    0    0
     0   93]]