Dataset : IP
N times : 15
TAU : 1.8
80.08586203532052 Overall accuracy (%)
77.63565401785125 Kappa accuracy (%)
87.15803595860989 Average accuracy (%)

              precision    recall  f1-score   support

           1       0.92      0.98      0.95        46
           2       0.61      0.77      0.68      1428
           3       0.72      0.80      0.76       830
           4       0.47      0.83      0.60       237
           5       0.98      0.93      0.96       483
           6       0.98      0.98      0.98       730
           7       0.61      0.89      0.72        28
           8       1.00      0.99      1.00       478
           9       0.20      0.95      0.34        20
          10       0.78      0.88      0.83       972
          11       0.86      0.56      0.68      2455
          12       0.86      0.81      0.83       593
          13       0.68      0.80      0.74       205
          14       1.00      0.98      0.99      1265
          15       0.92      0.82      0.87       386
          16       0.52      0.97      0.68        93

    accuracy                           0.80     10249
   macro avg       0.76      0.87      0.79     10249
weighted avg       0.83      0.80      0.80     10249

[[  45    0    0    0    0    0    0    1    0    0    0    0    0    0
     0    0]
 [   0 1103    7  122    0    0    0    0    1   84  107    4    0    0
     0    0]
 [   0   36  663   45    0    0    0    0   19    6   59    2    0    0
     0    0]
 [   0   32    0  197    0    0    0    0    0    0    0    8    0    0
     0    0]
 [   1    0    0    2  451    0   11    0    1    0    0   16    0    0
     1    0]
 [   0    0    0    0    0  712    0    0   13    0    0    0    5    0
     0    0]
 [   0    0    0    0    3    0   25    0    0    0    0    0    0    0
     0    0]
 [   3    0    0    0    0    0    0  475    0    0    0    0    0    0
     0    0]
 [   0    0    0    0    0    1    0    0   19    0    0    0    0    0
     0    0]
 [   0   19   20    6    0    0    0    0    9  856   47   15    0    0
     0    0]
 [   0  630  207   37    0   12    0    0   18  149 1368   29    3    0
     2    0]
 [   0    2    9   13    1    0    0    0    2    0    3  480    0    0
     0   83]
 [   0    0   19    0    0    0    0    0   11    0    0    0  164    0
    11    0]
 [   0    0    0    1    4    0    5    0    0    0    0    0    0 1243
    12    0]
 [   0    0    0    0    0    0    0    0    0    0    0    0   68    1
   317    0]
 [   0    0    0    0    0    0    0    0    0    0    0    3    0    0
     0   90]]