Dataset : IP
N times : 15
TAU : 1.8
97.83333333333334 Overall accuracy (%)
97.39999999999999 Kappa accuracy (%)
97.83333333333334 Average accuracy (%)

              precision    recall  f1-score   support

           0       1.00      1.00      1.00     15000
           1       1.00      1.00      1.00     15000
           2       1.00      1.00      1.00     15000
           3       0.89      1.00      0.94     15000
           4       1.00      0.87      0.93     15000
           5       1.00      1.00      1.00     15000

    accuracy                           0.98     90000
   macro avg       0.98      0.98      0.98     90000
weighted avg       0.98      0.98      0.98     90000

[[15000     0     0     0     0     0]
 [    0 15000     0     0     0     0]
 [    0     0 15000     0     0     0]
 [    0     0     0 14964    36     0]
 [    0     0     0  1914 13086     0]
 [    0     0     0     0     0 15000]]