Dataset : IP
N times : 5
TAU : 1.8
83.13981851887989 Overall accuracy (%)
80.98330542399769 Kappa accuracy (%)
86.89777496130606 Average accuracy (%)

              precision    recall  f1-score   support

           1       0.54      0.96      0.69        46
           2       0.79      0.72      0.75      1428
           3       0.71      0.87      0.78       830
           4       0.36      0.84      0.51       237
           5       0.93      0.79      0.85       483
           6       1.00      0.99      1.00       730
           7       0.41      0.93      0.57        28
           8       1.00      0.93      0.96       478
           9       0.25      1.00      0.40        20
          10       0.82      0.86      0.84       972
          11       0.90      0.76      0.82      2455
          12       0.84      0.72      0.78       593
          13       0.72      0.74      0.73       205
          14       0.99      0.98      0.99      1265
          15       0.90      0.86      0.88       386
          16       0.56      0.97      0.71        93

    accuracy                           0.83     10249
   macro avg       0.73      0.87      0.77     10249
weighted avg       0.86      0.83      0.84     10249

[[  44    0    0    0    0    1    0    0    0    1    0    0    0    0
     0    0]
 [   0 1028   12  241    7    0    0    0    0   21   84   35    0    0
     0    0]
 [   0    0  725   58    2    0    0    0    1    0   44    0    0    0
     0    0]
 [   0   18   14  199    0    0    0    0    0    0    0    6    0    0
     0    0]
 [   0    0    7    1  380    0   26    0   56    0   11    0    0    2
     0    0]
 [   0    0    0    0    0  724    0    0    0    0    1    0    0    0
     5    0]
 [   0    0    0    0    2    0   26    0    0    0    0    0    0    0
     0    0]
 [  32    0    0    0    0    0    2  444    0    0    0    0    0    0
     0    0]
 [   0    0    0    0    0    0    0    0   20    0    0    0    0    0
     0    0]
 [   4   27    3    1    2    0    1    0    0  836   63   35    0    0
     0    0]
 [   1  203  237   49    1    0    0    0    0  105 1854    0    4    1
     0    0]
 [   0   21    9    0    7    0    4    0    0   51    3  426    0    0
     0   72]
 [   0    0   19    0    0    0    0    0    3    0    0    0  151    8
    24    0]
 [   0    1    0    0    6    0    0    0    0    0    0    0    9 1243
     6    0]
 [   0    0    0    0    2    0    4    0    0    1    0    0   47    1
   331    0]
 [   0    0    0    0    0    0    0    0    0    0    0    3    0    0
     0   90]]