Dataset : IP
N times : 5
TAU : 1.8
84.7692457800761 Overall accuracy (%)
82.80341605027 Kappa accuracy (%)
87.41785899999851 Average accuracy (%)

              precision    recall  f1-score   support

           1       0.51      0.85      0.64        46
           2       0.74      0.75      0.75      1428
           3       0.94      0.90      0.92       830
           4       0.30      0.58      0.40       237
           5       1.00      0.89      0.94       483
           6       0.98      0.99      0.99       730
           7       0.21      1.00      0.35        28
           8       0.99      0.93      0.96       478
           9       0.77      1.00      0.87        20
          10       0.81      0.90      0.85       972
          11       0.91      0.77      0.84      2455
          12       0.87      0.74      0.80       593
          13       1.00      0.79      0.88       205
          14       1.00      0.95      0.97      1265
          15       0.91      1.00      0.95       386
          16       0.36      0.96      0.52        93

    accuracy                           0.85     10249
   macro avg       0.77      0.87      0.79     10249
weighted avg       0.88      0.85      0.86     10249

[[  39    0    0    0    0    0    1    6    0    0    0    0    0    0
     0    0]
 [   4 1076    0  163    0    1    0    0    0   20  140   24    0    0
     0    0]
 [   0    0  747   72    0    1    0    0    3    0    3    4    0    0
     0    0]
 [   0   64   23  137    0    0    0    0    0    1    4    8    0    0
     0    0]
 [   1    1    1    0  428    0   47    0    0    0    0    1    0    0
     4    0]
 [   0    0    0    0    0  726    1    0    2    0    0    0    0    0
     1    0]
 [   0    0    0    0    0    0   28    0    0    0    0    0    0    0
     0    0]
 [  32    0    0    0    0    0    0  446    0    0    0    0    0    0
     0    0]
 [   0    0    0    0    0    0    0    0   20    0    0    0    0    0
     0    0]
 [   0   12    0    0    0    0    0    0    0  870   31   24    0    0
     0   35]
 [   0  284   17   84    0   10    2    0    0  158 1897    0    0    1
     2    0]
 [   0   10    0    0    0    0    0    0    0   20    1  436    0    0
     0  126]
 [   0    0    7    0    0    2    0    0    1    0   11    0  161    0
    23    0]
 [   0    0    0    0    0    0   54    0    0    0    0    0    0 1203
     8    0]
 [   0    0    0    0    0    0    0    0    0    0    0    1    0    0
   385    0]
 [   0    0    0    0    0    0    0    0    0    0    0    4    0    0
     0   89]]