Dataset : IP
N times : 5
TAU : 1.8
99.17444444444445 Overall accuracy (%)
99.00933333333334 Kappa accuracy (%)
99.17444444444445 Average accuracy (%)

              precision    recall  f1-score   support

           0       1.00      0.97      0.99     15000
           1       1.00      1.00      1.00     15000
           2       0.98      1.00      0.99     15000
           3       0.98      1.00      0.99     15000
           4       1.00      0.98      0.99     15000
           5       1.00      1.00      1.00     15000

    accuracy                           0.99     90000
   macro avg       0.99      0.99      0.99     90000
weighted avg       0.99      0.99      0.99     90000

[[14624     0   376     0     0     0]
 [   69 14930     1     0     0     0]
 [    0     0 15000     0     0     0]
 [    0     0     0 15000     0     0]
 [    0     0     0   297 14703     0]
 [    0     0     0     0     0 15000]]