Dataset : IP
N times : 5
TAU : 1.8
88.75012196311836 Overall accuracy (%)
87.2588041996931 Kappa accuracy (%)
89.44715069343638 Average accuracy (%)

              precision    recall  f1-score   support

           1       0.25      0.76      0.37        46
           2       0.88      0.82      0.85      1428
           3       0.79      0.85      0.82       830
           4       0.50      0.83      0.62       237
           5       0.99      0.90      0.94       483
           6       0.98      1.00      0.99       730
           7       0.44      0.96      0.60        28
           8       0.97      0.81      0.89       478
           9       0.44      1.00      0.62        20
          10       0.88      0.92      0.90       972
          11       0.94      0.86      0.90      2455
          12       0.93      0.81      0.87       593
          13       0.87      0.86      0.87       205
          14       1.00      0.99      0.99      1265
          15       0.98      0.97      0.98       386
          16       0.50      0.96      0.66        93

    accuracy                           0.89     10249
   macro avg       0.77      0.89      0.80     10249
weighted avg       0.91      0.89      0.89     10249

[[  35    0    0    0    0    0    0   11    0    0    0    0    0    0
     0    0]
 [   3 1177   70  102    0    1    0    0    0   13   54    7    1    0
     0    0]
 [   0    3  703   81    0    1    0    0   12   10    9   11    0    0
     0    0]
 [   0   20   13  197    0    0    0    0    0    0    0    7    0    0
     0    0]
 [   0    0    3    4  435    0   31    0    5    0    0    3    0    2
     0    0]
 [   0    0    0    0    0  727    0    0    1    0    0    0    0    0
     2    0]
 [   0    0    0    0    1    0   27    0    0    0    0    0    0    0
     0    0]
 [  89    0    0    0    0    0    0  389    0    0    0    0    0    0
     0    0]
 [   0    0    0    0    0    0    0    0   20    0    0    0    0    0
     0    0]
 [   0    6    0    0    0    4    0    0    0  898   62    2    0    0
     0    0]
 [   0  128   84    5    2   10    1    0    1   95 2120    4    3    2
     0    0]
 [  14    5    0    0    0    0    1    1    1    2    0  481    0    0
     0   88]
 [   0    0   15    4    1    0    0    0    5    0    0    0  177    0
     3    0]
 [   0    0    0    4    0    0    1    0    0    0    0    0   11 1247
     2    0]
 [   0    0    0    0    0    0    1    0    0    0    0    0   11    0
   374    0]
 [   0    0    0    0    0    0    0    0    0    0    0    4    0    0
     0   89]]