Dataset : BW
N times : 25
TAU : 1.8
92.36453201970444 Overall accuracy (%)
91.74100663658857 Kappa accuracy (%)
93.6293022243936 Average accuracy (%)

              precision    recall  f1-score   support

           1       0.92      0.97      0.94       270
           2       1.00      1.00      1.00       101
           3       1.00      1.00      1.00       251
           4       0.93      1.00      0.96       215
           5       0.98      0.86      0.91       269
           6       0.80      0.98      0.88       269
           7       0.98      0.94      0.96       259
           8       1.00      1.00      1.00       203
           9       0.98      0.78      0.87       314
          10       0.98      1.00      0.99       248
          11       1.00      1.00      1.00       305
          12       0.63      0.99      0.77       181
          13       0.99      0.60      0.75       268
          14       0.86      1.00      0.92        95

    accuracy                           0.92      3248
   macro avg       0.93      0.94      0.93      3248
weighted avg       0.94      0.92      0.92      3248

[[261   0   0   0   5   0   4   0   0   0   0   0   0   0]
 [  0 101   0   0   0   0   0   0   0   0   0   0   0   0]
 [  0   0 251   0   0   0   0   0   0   0   0   0   0   0]
 [  0   0   0 215   0   0   0   0   0   0   0   0   0   0]
 [ 22   0   0  17 230   0   0   0   0   0   0   0   0   0]
 [  0   0   0   0   0 263   0   0   6   0   0   0   0   0]
 [  0   0   0   0   0   0 243   0   0   0   0   0   0  16]
 [  0   0   0   0   0   0   0 203   0   0   0   0   0   0]
 [  0   0   0   0   0  64   0   0 244   6   0   0   0   0]
 [  0   0   0   0   0   0   0   0   0 248   0   0   0   0]
 [  0   0   0   0   0   0   0   0   0   0 305   0   0   0]
 [  0   0   0   0   0   0   0   0   0   0   0 179   2   0]
 [  0   0   0   0   0   0   0   0   0   0   0 106 162   0]
 [  0   0   0   0   0   0   0   0   0   0   0   0   0  95]]