Dataset : BW
N times : 25
TAU : 1.8
93.97333333333333 Overall accuracy (%)
92.46666666666667 Kappa accuracy (%)
93.97333333333334 Average accuracy (%)

              precision    recall  f1-score   support

           0       0.87      0.82      0.85     15000
           1       0.99      0.99      0.99     15000
           2       0.84      0.89      0.86     15000
           3       1.00      1.00      1.00     15000
           4       1.00      1.00      1.00     15000

    accuracy                           0.94     75000
   macro avg       0.94      0.94      0.94     75000
weighted avg       0.94      0.94      0.94     75000

[[12367   154  2479     0     0]
 [  123 14840    37     0     0]
 [ 1717     0 13281     2     0]
 [    1     5     2 14992     0]
 [    0     0     0     0 15000]]