Dataset : BW
N times : 20
TAU : 1.8
91.20133333333334 Overall accuracy (%)
89.00166666666667 Kappa accuracy (%)
91.20133333333334 Average accuracy (%)

              precision    recall  f1-score   support

           0       0.75      0.85      0.79     15000
           1       1.00      0.99      1.00     15000
           2       0.83      0.73      0.77     15000
           3       1.00      0.99      1.00     15000
           4       1.00      1.00      1.00     15000

    accuracy                           0.91     75000
   macro avg       0.91      0.91      0.91     75000
weighted avg       0.91      0.91      0.91     75000

[[12764     0  2236     0     0]
 [  124 14876     0     0     0]
 [ 4108     0 10892     0     0]
 [  127     0     4 14869     0]
 [    0     0     0     0 15000]]