Dataset : IP
N times : 25
TAU : 1.3
50.44444444444445 Overall accuracy (%)
40.53333333333333 Kappa accuracy (%)
50.444444444444436 Average accuracy (%)

              precision    recall  f1-score   support

           0       0.47      0.34      0.40       150
           1       0.42      0.47      0.44       150
           2       0.47      0.55      0.50       150
           3       0.49      0.73      0.58       150
           4       0.56      0.47      0.51       150
           5       0.71      0.47      0.57       150

    accuracy                           0.50       900
   macro avg       0.52      0.50      0.50       900
weighted avg       0.52      0.50      0.50       900

[[ 51  51  48   0   0   0]
 [ 35  70  45   0   0   0]
 [ 22  46  82   0   0   0]
 [  0   0   0 109  29  12]
 [  0   0   0  62  71  17]
 [  0   0   0  53  26  71]]