Dataset : IP
N times : 25
TAU : 1.3
89.89169675090253 Overall accuracy (%)
88.52182507016164 Kappa accuracy (%)
90.04585496384928 Average accuracy (%)

              precision    recall  f1-score   support

           1       0.29      0.83      0.42        46
           2       0.90      0.80      0.85      1428
           3       0.90      0.89      0.90       830
           4       0.45      0.76      0.57       237
           5       0.93      0.95      0.94       483
           6       1.00      0.99      0.99       730
           7       0.35      1.00      0.52        28
           8       0.98      0.81      0.88       478
           9       0.57      1.00      0.73        20
          10       0.92      0.82      0.87       972
          11       0.95      0.94      0.95      2455
          12       0.80      0.83      0.81       593
          13       0.89      0.91      0.90       205
          14       1.00      0.99      0.99      1265
          15       0.97      0.94      0.96       386
          16       0.66      0.95      0.78        93

    accuracy                           0.90     10249
   macro avg       0.78      0.90      0.82     10249
weighted avg       0.92      0.90      0.90     10249

[[  38    0    0    0    0    1    0    7    0    0    0    0    0    0
     0    0]
 [   1 1147   32  153    2    0    0    2    0   13   61   17    0    0
     0    0]
 [   0    0  739   67    4    0    0    0    7    0   13    0    0    0
     0    0]
 [   0   32   14  181    0    0    0    0    0    0    0   10    0    0
     0    0]
 [   0    0    5    0  459    0   15    0    4    0    0    0    0    0
     0    0]
 [   0    0    0    0    0  723    7    0    0    0    0    0    0    0
     0    0]
 [   0    0    0    0    0    0   28    0    0    0    0    0    0    0
     0    0]
 [  93    0    0    0    0    0    0  385    0    0    0    0    0    0
     0    0]
 [   0    0    0    0    0    0    0    0   20    0    0    0    0    0
     0    0]
 [   0    5    0    0    3    0   26    0    0  800   46   92    0    0
     0    0]
 [   0   75   19    0   10    0    2    0    0   29 2313    0    1    0
     6    0]
 [   0   18    0    2   12    0    1    0    0   25    0  490    0    1
     0   44]
 [   0    0   12    0    0    0    0    0    4    0    0    0  186    0
     3    0]
 [   1    1    0    0    4    0    0    0    0    0    0    4    0 1252
     2    1]
 [   0    0    0    0    0    0    0    0    0    0    0    0   22    0
   364    0]
 [   0    0    0    0    0    0    0    0    0    0    0    1    0    4
     0   88]]