Dataset : SA
N times : 10
TAU : 1.8
96.92666666666668 Overall accuracy (%)
96.312 Kappa accuracy (%)
96.92666666666666 Average accuracy (%)

              precision    recall  f1-score   support

           0       0.98      0.99      0.98     15000
           1       1.00      1.00      1.00     15000
           2       0.92      0.96      0.94     15000
           3       0.94      1.00      0.97     15000
           4       1.00      1.00      1.00     15000
           5       0.98      0.87      0.92     15000

    accuracy                           0.97     90000
   macro avg       0.97      0.97      0.97     90000
weighted avg       0.97      0.97      0.97     90000

[[14862    22     1     0     0   115]
 [    1 14999     0     0     0     0]
 [  286     0 14432   224     0    58]
 [    0     0     4 14944     0    52]
 [    0     0     0     0 14998     2]
 [   35     0  1271   695     0 12999]]