Dataset : SA
N times : 10
TAU : 1.8
98.10444444444445 Overall accuracy (%)
97.72533333333332 Kappa accuracy (%)
98.10444444444445 Average accuracy (%)

              precision    recall  f1-score   support

           0       0.98      1.00      0.99     15000
           1       1.00      1.00      1.00     15000
           2       1.00      0.92      0.96     15000
           3       0.98      0.99      0.98     15000
           4       1.00      1.00      1.00     15000
           5       0.94      0.98      0.96     15000

    accuracy                           0.98     90000
   macro avg       0.98      0.98      0.98     90000
weighted avg       0.98      0.98      0.98     90000

[[15000     0     0     0     0     0]
 [    0 15000     0     0     0     0]
 [  311     3 13861     0     0   825]
 [    0    25     0 14789    44   142]
 [    0     0     0     0 15000     0]
 [   10     4    15   325     2 14644]]