Dataset : SA
N times : 10
TAU : 1.8
95.63666666666667 Overall accuracy (%)
94.76400000000001 Kappa accuracy (%)
95.63666666666668 Average accuracy (%)

              precision    recall  f1-score   support

           0       1.00      1.00      1.00     15000
           1       0.97      1.00      0.98     15000
           2       0.84      0.99      0.91     15000
           3       0.97      1.00      0.98     15000
           4       0.99      1.00      1.00     15000
           5       0.99      0.75      0.86     15000

    accuracy                           0.96     90000
   macro avg       0.96      0.96      0.95     90000
weighted avg       0.96      0.96      0.95     90000

[[15000     0     0     0     0     0]
 [    0 15000     0     0     0     0]
 [    0     0 14817    75     0   108]
 [    0     5     2 14940     9    44]
 [    0     0     0     0 15000     0]
 [    0   461  2796   356    71 11316]]