Dataset : SA
N times : 10
TAU : 1.8
98.98777777777778 Overall accuracy (%)
98.78533333333334 Kappa accuracy (%)
98.98777777777778 Average accuracy (%)

              precision    recall  f1-score   support

           0       0.98      1.00      0.99     15000
           1       1.00      1.00      1.00     15000
           2       1.00      0.97      0.98     15000
           3       1.00      0.97      0.98     15000
           4       1.00      1.00      1.00     15000
           5       0.96      1.00      0.98     15000

    accuracy                           0.99     90000
   macro avg       0.99      0.99      0.99     90000
weighted avg       0.99      0.99      0.99     90000

[[15000     0     0     0     0     0]
 [    0 15000     0     0     0     0]
 [  240    24 14550     3     3   180]
 [    0     0     0 14543     0   457]
 [    0     0     0     0 15000     0]
 [    0     0     0     0     4 14996]]