Dataset : SA
N times : 10
TAU : 1.8
94.73888888888888 Overall accuracy (%)
93.68666666666667 Kappa accuracy (%)
94.73888888888888 Average accuracy (%)

              precision    recall  f1-score   support

           0       0.99      1.00      0.99     15000
           1       1.00      1.00      1.00     15000
           2       0.87      0.85      0.86     15000
           3       0.97      0.99      0.98     15000
           4       1.00      1.00      1.00     15000
           5       0.85      0.85      0.85     15000

    accuracy                           0.95     90000
   macro avg       0.95      0.95      0.95     90000
weighted avg       0.95      0.95      0.95     90000

[[14930     0     1    69     0     0]
 [    0 15000     0     0     0     0]
 [   99     0 12748     3     0  2150]
 [   24    46     2 14882    15    31]
 [    0     0     0     0 15000     0]
 [    0     0  1923   362    10 12705]]