Dataset : IP
N times : 10
TAU : 1.8
86.1547468045663 Overall accuracy (%)
84.35109768100556 Kappa accuracy (%)
88.70472367072537 Average accuracy (%)

              precision    recall  f1-score   support

           1       0.38      0.89      0.53        46
           2       0.82      0.75      0.78      1428
           3       0.86      0.81      0.84       830
           4       0.40      0.77      0.52       237
           5       0.99      0.89      0.94       483
           6       0.96      0.98      0.97       730
           7       0.30      1.00      0.47        28
           8       0.99      0.88      0.93       478
           9       0.28      1.00      0.44        20
          10       0.87      0.77      0.81       972
          11       0.95      0.86      0.90      2455
          12       0.71      0.85      0.78       593
          13       0.95      0.81      0.88       205
          14       1.00      0.99      0.99      1265
          15       0.97      0.98      0.98       386
          16       0.43      0.96      0.59        93

    accuracy                           0.86     10249
   macro avg       0.74      0.89      0.77     10249
weighted avg       0.89      0.86      0.87     10249

[[  41    0    0    0    0    0    0    4    0    0    0    1    0    0
     0    0]
 [   0 1073   25  152    0    0    0    0    0   36   82   60    0    0
     0    0]
 [   0    9  673   80    0    2    0    0   32    2    8   24    0    0
     0    0]
 [   0   36    9  182    0    0    0    0    0    0    0   10    0    0
     0    0]
 [   0    0    0    0  429    0   53    0    0    0    0    1    0    0
     0    0]
 [   0    0    3    0    0  714    0    0   10    0    0    0    1    0
     2    0]
 [   0    0    0    0    0    0   28    0    0    0    0    0    0    0
     0    0]
 [  56    0    0    0    0    0    0  422    0    0    0    0    0    0
     0    0]
 [   0    0    0    0    0    0    0    0   20    0    0    0    0    0
     0    0]
 [   0    2    1    1    0    8    0    0    1  746   21   84    0    0
     0  108]
 [   0  166   31   44    5   16    0    0    0   49 2109   28    4    2
     1    0]
 [  11   24   11    0    0    0    1    0    0   24    5  507    0    0
     0   10]
 [   0    2   27    0    0    0    0    0    7    0    0    0  167    0
     2    0]
 [   0    0    0    0    0    0    4    0    0    0    0    0    4 1252
     5    0]
 [   1    0    0    0    0    0    6    0    1    0    0    0    0    0
   378    0]
 [   0    0    0    0    0    0    0    0    0    4    0    0    0    0
     0   89]]