Dataset : IP
N times : 10
TAU : 1.8
90.61371841155234 Overall accuracy (%)
89.35359355190587 Kappa accuracy (%)
89.95135331342863 Average accuracy (%)

              precision    recall  f1-score   support

           1       0.33      0.72      0.46        46
           2       0.91      0.79      0.85      1428
           3       0.94      0.84      0.89       830
           4       0.42      0.75      0.53       237
           5       0.99      0.89      0.94       483
           6       1.00      0.99      0.99       730
           7       0.41      0.96      0.57        28
           8       0.97      0.90      0.94       478
           9       0.34      1.00      0.51        20
          10       0.85      0.94      0.89       972
          11       0.96      0.92      0.94      2455
          12       0.86      0.92      0.89       593
          13       0.96      0.83      0.89       205
          14       1.00      1.00      1.00      1265
          15       0.94      0.98      0.96       386
          16       0.77      0.96      0.85        93

    accuracy                           0.91     10249
   macro avg       0.79      0.90      0.82     10249
weighted avg       0.92      0.91      0.91     10249

[[  33    0    0    0    0    0    2   11    0    0    0    0    0    0
     0    0]
 [   0 1127   12  162    0    0    0    1    1   46   64   14    0    0
     1    0]
 [   0    5  698   86    0    0    0    0   26    0   11    2    2    0
     0    0]
 [   0   32    3  177    0    0    0    0    0    0    0   25    0    0
     0    0]
 [  13    0    0    0  432    0   37    0    0    0    0    0    0    0
     1    0]
 [   0    0    0    0    1  723    0    0    4    0    0    0    0    0
     2    0]
 [   0    0    0    0    1    0   27    0    0    0    0    0    0    0
     0    0]
 [  47    0    0    0    0    0    0  431    0    0    0    0    0    0
     0    0]
 [   0    0    0    0    0    0    0    0   20    0    0    0    0    0
     0    0]
 [   3    0    0    0    0    0    0    0    0  912   15   41    0    0
     0    1]
 [   0   68    4    1    3    1    0    0    4  107 2260    1    1    0
     5    0]
 [   3    2    3    0    0    0    0    0    1   11    2  545    0    0
     0   26]
 [   0    0   20    0    0    0    0    0    3    0    0    0  170    0
    12    0]
 [   0    0    0    0    0    0    0    0    0    0    0    0    0 1263
     2    0]
 [   0    0    0    0    0    0    0    0    0    1    0    0    5    0
   380    0]
 [   0    0    0    0    0    0    0    0    0    1    0    3    0    0
     0   89]]