Dataset : IP
N times : 10
TAU : 1.8
97.83333333333334 Overall accuracy (%)
97.39999999999999 Kappa accuracy (%)
97.83333333333334 Average accuracy (%)

              precision    recall  f1-score   support

           0       1.00      0.95      0.98     15000
           1       1.00      1.00      1.00     15000
           2       0.96      1.00      0.98     15000
           3       0.92      1.00      0.96     15000
           4       1.00      0.92      0.96     15000
           5       1.00      1.00      1.00     15000

    accuracy                           0.98     90000
   macro avg       0.98      0.98      0.98     90000
weighted avg       0.98      0.98      0.98     90000

[[14319     0   681     0     0     0]
 [   35 14965     0     0     0     0]
 [    0     0 15000     0     0     0]
 [    0     0     0 15000     0     0]
 [    0     0     0  1234 13766     0]
 [    0     0     0     0     0 15000]]