Dataset : IP
N times : 10
TAU : 1.8
87.60854717533418 Overall accuracy (%)
85.9595438567677 Kappa accuracy (%)
90.77625856343438 Average accuracy (%)

              precision    recall  f1-score   support

           1       0.65      1.00      0.79        46
           2       0.80      0.71      0.75      1428
           3       0.87      0.86      0.87       830
           4       0.42      0.83      0.56       237
           5       0.97      0.80      0.88       483
           6       0.98      0.98      0.98       730
           7       0.47      1.00      0.64        28
           8       1.00      0.95      0.97       478
           9       0.24      1.00      0.39        20
          10       0.90      0.98      0.94       972
          11       0.93      0.87      0.90      2455
          12       0.78      0.72      0.75       593
          13       0.93      0.88      0.91       205
          14       1.00      0.99      1.00      1265
          15       0.98      0.97      0.98       386
          16       0.54      0.99      0.70        93

    accuracy                           0.88     10249
   macro avg       0.78      0.91      0.81     10249
weighted avg       0.89      0.88      0.88     10249

[[  46    0    0    0    0    0    0    0    0    0    0    0    0    0
     0    0]
 [   0 1007   55  170    3    0    0    0    0    3  109   81    0    0
     0    0]
 [   0   13  714   91    0    0    0    0    6    0    6    0    0    0
     0    0]
 [   0   29    0  196    0    0    0    0    0    0    0   12    0    0
     0    0]
 [   0    5    7    9  387    0   17    0   52    0    6    0    0    0
     0    0]
 [   0    0    0    0    0  719   10    0    0    0    1    0    0    0
     0    0]
 [   0    0    0    0    0    0   28    0    0    0    0    0    0    0
     0    0]
 [  25    0    0    0    0    0    0  453    0    0    0    0    0    0
     0    0]
 [   0    0    0    0    0    0    0    0   20    0    0    0    0    0
     0    0]
 [   0    0    0    0    0    0    3    0    0  948   18    3    0    0
     0    0]
 [   0  167   15    2    3   16    0    0    0   91 2132   21    6    0
     2    0]
 [   0   44    8    0    1    0    1    0    0    6   31  424    0    0
     0   78]
 [   0    0   18    0    2    0    0    0    4    0    0    0  181    0
     0    0]
 [   0    1    0    0    0    0    0    0    0    0    0    1    1 1256
     6    0]
 [   0    0    0    0    1    0    0    0    0    0    0    2    7    0
   376    0]
 [   0    0    0    0    0    0    0    0    0    0    0    1    0    0
     0   92]]