Dataset : IP
N times : 10
TAU : 1.8
99.27666666666667 Overall accuracy (%)
99.132 Kappa accuracy (%)
99.27666666666667 Average accuracy (%)

              precision    recall  f1-score   support

           0       1.00      1.00      1.00     15000
           1       1.00      1.00      1.00     15000
           2       1.00      1.00      1.00     15000
           3       0.96      1.00      0.98     15000
           4       1.00      0.96      0.98     15000
           5       1.00      1.00      1.00     15000

    accuracy                           0.99     90000
   macro avg       0.99      0.99      0.99     90000
weighted avg       0.99      0.99      0.99     90000

[[14958     0    42     0     0     0]
 [    9 14989     2     0     0     0]
 [    0     0 15000     0     0     0]
 [    0     0     0 15000     0     0]
 [    0     0     0   595 14402     3]
 [    0     0     0     0     0 15000]]