Dataset : IP
N times : 10
TAU : 1.8
84.40823494975119 Overall accuracy (%)
82.38081154975374 Kappa accuracy (%)
87.51794534890848 Average accuracy (%)

              precision    recall  f1-score   support

           1       0.30      0.85      0.45        46
           2       0.82      0.73      0.77      1428
           3       0.76      0.86      0.80       830
           4       0.45      0.78      0.57       237
           5       0.89      0.90      0.89       483
           6       0.99      1.00      0.99       730
           7       0.38      1.00      0.55        28
           8       0.98      0.87      0.92       478
           9       0.57      1.00      0.73        20
          10       0.83      0.85      0.84       972
          11       0.92      0.81      0.86      2455
          12       0.70      0.72      0.71       593
          13       0.83      0.79      0.81       205
          14       0.98      0.93      0.96      1265
          15       0.93      0.90      0.91       386
          16       0.53      1.00      0.69        93

    accuracy                           0.84     10249
   macro avg       0.74      0.88      0.78     10249
weighted avg       0.86      0.84      0.85     10249

[[  39    0    0    0    0    0    0    7    0    0    0    0    0    0
     0    0]
 [   1 1044   52  129    1    0    0    0    0   22  111   35    0   16
     0   17]
 [   0    4  713   79    0    0    0    0    7    0   19    7    0    1
     0    0]
 [   0   22   21  186    0    0    0    0    0    0    1    6    0    1
     0    0]
 [   0    0    0    0  436    0   42    0    4    0    0    1    0    0
     0    0]
 [   0    0    0    0    0  729    0    0    0    0    1    0    0    0
     0    0]
 [   0    0    0    0    0    0   28    0    0    0    0    0    0    0
     0    0]
 [  61    0    0    0    0    0    1  416    0    0    0    0    0    0
     0    0]
 [   0    0    0    0    0    0    0    0   20    0    0    0    0    0
     0    0]
 [   0    0    0    0    7    0    0    0    0  831   40   94    0    0
     0    0]
 [   0  186   98    1    6    2    0    0    0  127 2000   30    1    0
     4    0]
 [  27   14   43   13    1    0    3    0    2   24    8  428    0    0
     0   30]
 [   0    0   15    0    1    6    0    0    2    0    0    0  161    0
    20    0]
 [   0    0    0    2   32    0    0    0    0    3    0    8    0 1180
     4   36]
 [   0    0    0    0    8    0    0    0    0    0    0    0   31    0
   347    0]
 [   0    0    0    0    0    0    0    0    0    0    0    0    0    0
     0   93]]