Dataset : IP
N times : 10
TAU : 1.8
80.89569714118451 Overall accuracy (%)
78.56683007535413 Kappa accuracy (%)
86.03737143314586 Average accuracy (%)

              precision    recall  f1-score   support

           1       0.18      0.91      0.30        46
           2       0.76      0.69      0.73      1428
           3       0.94      0.80      0.86       830
           4       0.41      0.85      0.55       237
           5       0.95      0.85      0.90       483
           6       0.98      1.00      0.99       730
           7       0.24      1.00      0.38        28
           8       0.99      0.91      0.95       478
           9       0.36      1.00      0.53        20
          10       0.86      0.79      0.83       972
          11       0.95      0.76      0.84      2455
          12       0.43      0.46      0.45       593
          13       0.96      0.89      0.92       205
          14       0.98      0.99      0.99      1265
          15       0.97      0.89      0.93       386
          16       0.21      0.98      0.34        93

    accuracy                           0.81     10249
   macro avg       0.70      0.86      0.72     10249
weighted avg       0.87      0.81      0.83     10249

[[  42    0    0    0    0    0    0    4    0    0    0    0    0    0
     0    0]
 [   5  992   15  183    0    0    0    0    0    1   60  111    0    0
     0   61]
 [   0    9  660   94    3    0    0    0   23    0    0   40    0    0
     0    1]
 [   0   33    1  201    0    0    0    0    0    0    0    2    0    0
     0    0]
 [   1    0    0    0  410    0   65    0    5    0    0    0    2    0
     0    0]
 [   0    0    0    0    0  728    0    0    0    0    0    0    0    0
     2    0]
 [   0    0    0    0    0    0   28    0    0    0    0    0    0    0
     0    0]
 [  44    0    0    0    0    0    0  434    0    0    0    0    0    0
     0    0]
 [   0    0    0    0    0    0    0    0   20    0    0    0    0    0
     0    0]
 [  11    0    0    0    6    0    0    0    0  772    3   50    0    1
     0  129]
 [   0  227    7   11    9   12    0    0    0  122 1858  151    0    2
     0   56]
 [ 133   41    9    0    0    0    1    0    0    1   38  274    0    0
     0   96]
 [   0    0    9    0    4    0    0    0    7    0    0    0  182    1
     2    0]
 [   0    0    0    0    0    0    0    0    0    0    0    0    3 1256
     5    1]
 [   1    0    0    0    0    0   24    0    0    0    0    0    2   16
   343    0]
 [   0    0    0    0    0    0    0    0    0    0    0    2    0    0
     0   91]]