Dataset : IP
N times : 15
TAU : 1.8
88.52570982534883 Overall accuracy (%)
87.04014740964269 Kappa accuracy (%)
91.28065872105608 Average accuracy (%)

              precision    recall  f1-score   support

           1       0.59      0.87      0.70        46
           2       0.80      0.82      0.81      1428
           3       0.88      0.79      0.83       830
           4       0.44      0.77      0.56       237
           5       0.99      0.85      0.91       483
           6       0.99      1.00      1.00       730
           7       0.35      1.00      0.51        28
           8       1.00      0.97      0.99       478
           9       0.13      1.00      0.22        20
          10       0.90      0.99      0.94       972
          11       0.95      0.81      0.87      2455
          12       0.93      0.88      0.90       593
          13       0.96      0.93      0.94       205
          14       1.00      1.00      1.00      1265
          15       0.96      0.99      0.98       386
          16       0.59      0.96      0.73        93

    accuracy                           0.89     10249
   macro avg       0.78      0.91      0.81     10249
weighted avg       0.91      0.89      0.89     10249

[[  40    0    0    0    6    0    0    0    0    0    0    0    0    0
     0    0]
 [   0 1165    9  150    0    0    0    0    0    2   91   11    0    0
     0    0]
 [   0    5  653   76    0    0    0    0   96    0    0    0    0    0
     0    0]
 [   0   28   12  182    0    0    0    0    0    0    0   15    0    0
     0    0]
 [  28    0    0    0  412    0   40    0    1    0    0    0    0    2
     0    0]
 [   0    0    0    0    0  727    0    0    0    0    0    0    2    0
     1    0]
 [   0    0    0    0    0    0   28    0    0    0    0    0    0    0
     0    0]
 [   0    0    0    0    0    0   13  465    0    0    0    0    0    0
     0    0]
 [   0    0    0    0    0    0    0    0   20    0    0    0    0    0
     0    0]
 [   0    2    0    0    0    0    0    0    0  960    4    6    0    0
     0    0]
 [   0  255   61    2    0    4    0    0   39  102 1978    5    3    0
     6    0]
 [   0    5    3    0    0    0    0    0    0    2    0  520    0    0
     0   63]
 [   0    0    0    0    0    0    0    0    3    0    6    0  190    0
     6    0]
 [   0    0    0    0    0    0    0    0    0    0    0    1    0 1261
     3    0]
 [   0    0    0    0    0    0    0    0    0    0    0    0    3    0
   383    0]
 [   0    0    0    0    0    0    0    0    0    0    0    4    0    0
     0   89]]