Dataset : IP
N times : 15
TAU : 1.8
91.00400039028199 Overall accuracy (%)
89.7920293988855 Kappa accuracy (%)
90.6047628535844 Average accuracy (%)

              precision    recall  f1-score   support

           1       0.45      0.98      0.62        46
           2       0.88      0.83      0.85      1428
           3       0.89      0.88      0.89       830
           4       0.44      0.76      0.56       237
           5       0.96      0.84      0.90       483
           6       0.99      1.00      1.00       730
           7       0.37      0.96      0.53        28
           8       1.00      0.90      0.95       478
           9       0.30      1.00      0.47        20
          10       0.96      0.98      0.97       972
          11       0.97      0.92      0.95      2455
          12       0.93      0.83      0.88       593
          13       0.89      0.71      0.79       205
          14       1.00      1.00      1.00      1265
          15       0.92      0.95      0.94       386
          16       0.52      0.96      0.67        93

    accuracy                           0.91     10249
   macro avg       0.78      0.91      0.81     10249
weighted avg       0.93      0.91      0.92     10249

[[  45    0    0    0    0    1    0    0    0    0    0    0    0    0
     0    0]
 [   4 1184   26  135    0    0    0    0    0    6   61    9    0    2
     0    1]
 [   0    7  731   85    1    0    0    0    1    0    1    4    0    0
     0    0]
 [   0   33   14  179    0    0    0    0    0    0    0   11    0    0
     0    0]
 [   0    1    0    0  407    0   29    0   45    1    0    0    0    0
     0    0]
 [   0    0    0    0    0  727    3    0    0    0    0    0    0    0
     0    0]
 [   0    0    0    0    1    0   27    0    0    0    0    0    0    0
     0    0]
 [  49    0    0    0    0    0    0  429    0    0    0    0    0    0
     0    0]
 [   0    0    0    0    0    0    0    0   20    0    0    0    0    0
     0    0]
 [   0    0    0    0    0    0    5    0    0  956   10    1    0    0
     0    0]
 [   0  113   15    2   14    3    8    0    0   26 2268    4    2    0
     0    0]
 [   2    1   12    1    0    0    0    0    0    4    0  492    0    0
     0   81]
 [   0    0   23    0    2    0    0    0    0    0    0    3  146    1
    30    0]
 [   0    2    0    1    0    0    0    0    0    0    0    0    0 1260
     2    0]
 [   0    0    0    0    0    0    1    0    0    0    0    1   16    1
   367    0]
 [   0    1    0    0    0    0    0    0    0    0    0    2    0    1
     0   89]]