Dataset : SA
N times : 25
TAU : 1.8
95.00111111111111 Overall accuracy (%)
94.00133333333333 Kappa accuracy (%)
95.0011111111111 Average accuracy (%)

              precision    recall  f1-score   support

           0       0.88      1.00      0.94     15000
           1       0.99      1.00      0.99     15000
           2       1.00      0.85      0.92     15000
           3       0.89      0.99      0.94     15000
           4       0.96      1.00      0.98     15000
           5       1.00      0.85      0.92     15000

    accuracy                           0.95     90000
   macro avg       0.95      0.95      0.95     90000
weighted avg       0.95      0.95      0.95     90000

[[15000     0     0     0     0     0]
 [    0 15000     0     0     0     0]
 [ 1973   202 12825     0     0     0]
 [    0     0     0 14879   112     9]
 [    0     0     0     0 15000     0]
 [    0     0     0  1765   438 12797]]