Dataset : SA
N times : 5
TAU : 1.8
95.00333333333333 Overall accuracy (%)
94.004 Kappa accuracy (%)
95.00333333333334 Average accuracy (%)

              precision    recall  f1-score   support

           0       0.93      1.00      0.96     15000
           1       0.97      1.00      0.99     15000
           2       1.00      0.89      0.94     15000
           3       0.90      0.93      0.91     15000
           4       0.99      1.00      0.99     15000
           5       0.92      0.88      0.90     15000

    accuracy                           0.95     90000
   macro avg       0.95      0.95      0.95     90000
weighted avg       0.95      0.95      0.95     90000

[[14988     0    12     0     0     0]
 [    0 15000     0     0     0     0]
 [ 1159   431 13410     0     0     0]
 [    0     0     0 13876     2  1122]
 [    0     0     0     0 15000     0]
 [    0     0     0  1616   155 13229]]