Dataset : IP
N times : 25
TAU : 1.3
84.89608742316324 Overall accuracy (%)
82.95258014616374 Kappa accuracy (%)
87.65619707838586 Average accuracy (%)

              precision    recall  f1-score   support

           1       0.21      1.00      0.35        46
           2       0.81      0.81      0.81      1428
           3       0.97      0.85      0.91       830
           4       0.47      0.80      0.59       237
           5       0.95      0.89      0.92       483
           6       0.98      0.99      0.98       730
           7       0.10      1.00      0.18        28
           8       1.00      0.74      0.85       478
           9       0.61      1.00      0.75        20
          10       0.90      0.81      0.85       972
          11       0.93      0.82      0.87      2455
          12       0.75      0.71      0.73       593
          13       0.76      0.84      0.80       205
          14       1.00      1.00      1.00      1265
          15       0.94      0.82      0.88       386
          16       0.49      0.96      0.65        93

    accuracy                           0.85     10249
   macro avg       0.74      0.88      0.76     10249
weighted avg       0.89      0.85      0.87     10249

[[  46    0    0    0    0    0    0    0    0    0    0    0    0    0
     0    0]
 [  11 1150    7  100    3    0    0    0    0   14   91   52    0    0
     0    0]
 [   0   19  707   91    7    0    0    0    5    0    1    0    0    0
     0    0]
 [   0   18    7  190    0    0    0    0    0    0    1   21    0    0
     0    0]
 [   0    0    0    3  431    1   26    0    8    5    8    1    0    0
     0    0]
 [   0    0    0    0    0  720    7    0    0    0    3    0    0    0
     0    0]
 [   0    0    0    0    0    0   28    0    0    0    0    0    0    0
     0    0]
 [ 125    0    0    0    0    0    0  353    0    0    0    0    0    0
     0    0]
 [   0    0    0    0    0    0    0    0   20    0    0    0    0    0
     0    0]
 [   6    7    0    0    0    0  130    0    0  784   42    3    0    0
     0    0]
 [   0  202    1   21    3    1   89    0    0   59 2015   55    1    0
     8    0]
 [  30   29    4    2    0    0    0    0    0   10    4  419    1    2
     0   92]
 [   0    2    1    0   11    0    0    0    0    0    4    3  172    1
    11    0]
 [   1    0    0    0    0    0    0    0    0    0    0    0    3 1259
     2    0]
 [   0    0    0    0    0   13    5    0    0    0    0    0   50    0
   318    0]
 [   0    0    0    0    0    0    0    0    0    0    0    4    0    0
     0   89]]