Dataset : IP
N times : 25
TAU : 1.3
84.25212215825934 Overall accuracy (%)
82.1231457890851 Kappa accuracy (%)
85.5447285789154 Average accuracy (%)

              precision    recall  f1-score   support

           1       0.26      0.83      0.40        46
           2       0.84      0.74      0.79      1428
           3       0.80      0.84      0.82       830
           4       0.34      0.68      0.45       237
           5       0.99      0.83      0.91       483
           6       0.99      1.00      1.00       730
           7       0.27      1.00      0.43        28
           8       0.91      0.84      0.87       478
           9       0.51      1.00      0.68        20
          10       0.72      0.63      0.67       972
          11       0.90      0.89      0.90      2455
          12       0.78      0.67      0.72       593
          13       0.90      0.81      0.85       205
          14       0.99      1.00      1.00      1265
          15       0.94      0.95      0.94       386
          16       0.67      0.97      0.79        93

    accuracy                           0.84     10249
   macro avg       0.74      0.86      0.76     10249
weighted avg       0.86      0.84      0.85     10249

[[  38    0    0    0    0    0    0    8    0    0    0    0    0    0
     0    0]
 [   0 1062   75  172    0    0    0    0    0   65   47    2    0    5
     0    0]
 [   0   10  699   97    0    0    0    0   13    0    0   11    0    0
     0    0]
 [   0   43   24  160    0    0    0    0    0    0    0   10    0    0
     0    0]
 [   0    0    0    0  403    0   70    0    3    6    1    0    0    0
     0    0]
 [   0    0    0    0    0  729    1    0    0    0    0    0    0    0
     0    0]
 [   0    0    0    0    0    0   28    0    0    0    0    0    0    0
     0    0]
 [  76    0    0    0    0    0    0  402    0    0    0    0    0    0
     0    0]
 [   0    0    0    0    0    0    0    0   20    0    0    0    0    0
     0    0]
 [  24   37    2   19    0    0    0   34    0  613  182   61    0    0
     0    0]
 [   0   65   11   19    2    6    3    0    0  117 2196   28    0    0
     8    0]
 [   7   45   40    2    1    0    0    0    1   43   11  398    0    0
     1   44]
 [   0    0   20    0    0    0    0    0    2    0    0    0  167    0
    16    0]
 [   0    0    0    0    0    0    0    0    0    1    0    0    0 1264
     0    0]
 [   0    0    0    0    0    0    0    0    0    1    0    0   19    0
   366    0]
 [   0    0    0    0    0    0    0    0    0    0    0    0    0    3
     0   90]]