Dataset : IP
N times : 25
TAU : 1.3
83.88135427846619 Overall accuracy (%)
81.83548505977093 Kappa accuracy (%)
88.2687399830063 Average accuracy (%)

              precision    recall  f1-score   support

           1       0.36      1.00      0.53        46
           2       0.74      0.67      0.70      1428
           3       0.83      0.85      0.84       830
           4       0.23      0.59      0.33       237
           5       0.97      0.84      0.90       483
           6       0.98      1.00      0.99       730
           7       0.34      1.00      0.51        28
           8       1.00      0.85      0.92       478
           9       0.62      1.00      0.77        20
          10       0.89      0.84      0.86       972
          11       0.92      0.77      0.84      2455
          12       0.73      0.91      0.81       593
          13       0.96      0.86      0.91       205
          14       1.00      0.99      1.00      1265
          15       0.98      0.97      0.98       386
          16       0.66      0.97      0.78        93

    accuracy                           0.84     10249
   macro avg       0.76      0.88      0.79     10249
weighted avg       0.87      0.84      0.85     10249

[[  46    0    0    0    0    0    0    0    0    0    0    0    0    0
     0    0]
 [   6  959   17  296    0    0    0    0    0    3   24  123    0    0
     0    0]
 [   0    8  709   97    0    0    0    0    3    0    2   11    0    0
     0    0]
 [   0   47   26  141    0    0    0    0    0    0    1   22    0    0
     0    0]
 [   0    6    2    2  408    0   54    0    5    0    6    0    0    0
     0    0]
 [   0    0    0    0    0  728    0    0    0    0    1    0    0    0
     1    0]
 [   0    0    0    0    0    0   28    0    0    0    0    0    0    0
     0    0]
 [  74    0    0    0    0    0    0  404    0    0    0    0    0    0
     0    0]
 [   0    0    0    0    0    0    0    0   20    0    0    0    0    0
     0    0]
 [   1   16    1    0    1    3    0    0    0  818  128    4    0    0
     0    0]
 [   0  251   74   74    3   12    0    0    0   98 1900   39    0    0
     4    0]
 [   0    6    1    0    0    0    0    0    0    2    0  537    0    0
     0   47]
 [   0    0   23    0    0    0    0    0    3    0    0    0  176    0
     3    0]
 [   1    0    0    0    5    0    0    0    0    0    0    1    0 1257
     1    0]
 [   0    0    0    0    2    0    0    0    1    0    0    0    7    0
   376    0]
 [   0    0    0    0    0    0    0    0    0    0    0    3    0    0
     0   90]]