Dataset : IP
N times : 25
TAU : 1.3
88.03785735193678 Overall accuracy (%)
86.43497307020324 Kappa accuracy (%)
86.82769725474787 Average accuracy (%)

              precision    recall  f1-score   support

           1       0.33      0.85      0.47        46
           2       0.89      0.79      0.83      1428
           3       0.87      0.87      0.87       830
           4       0.39      0.70      0.50       237
           5       0.94      0.80      0.86       483
           6       0.99      0.99      0.99       730
           7       0.20      1.00      0.33        28
           8       0.97      0.85      0.90       478
           9       0.34      1.00      0.51        20
          10       0.95      0.96      0.96       972
          11       0.98      0.96      0.97      2455
          12       0.87      0.56      0.68       593
          13       0.65      0.90      0.76       205
          14       1.00      0.99      0.99      1265
          15       0.97      0.70      0.82       386
          16       0.36      0.98      0.53        93

    accuracy                           0.88     10249
   macro avg       0.73      0.87      0.75     10249
weighted avg       0.91      0.88      0.89     10249

[[  39    0    0    0    0    0    0    7    0    0    0    0    0    0
     0    0]
 [   5 1121   65  182    1    0    0    0    0    0   19   33    0    2
     0    0]
 [   0    3  719   70    1    0    1    0   24    1    6    5    0    0
     0    0]
 [   0   46   19  167    0    0    0    0    0    0    0    5    0    0
     0    0]
 [   0    0    3    0  387    0   52    0   14    5   17    0    0    1
     4    0]
 [   0    0    0    0    0  723    7    0    0    0    0    0    0    0
     0    0]
 [   0    0    0    0    0    0   28    0    0    0    0    0    0    0
     0    0]
 [  74    0    0    0    0    0    0  404    0    0    0    0    0    0
     0    0]
 [   0    0    0    0    0    0    0    0   20    0    0    0    0    0
     0    0]
 [   0    0    0    0    3    0   20    0    0  936    8    5    0    0
     0    0]
 [   0   45   16    8    3   11   14    0    0    6 2346    1    4    0
     1    0]
 [   0   46    1    0   10    0    0    5    0   39    0  331    0    0
     0  161]
 [   0    0    5    0    4    0    0    0    0    0    8    0  185    0
     3    0]
 [   1    5    0    0    0    0    0    0    0    0    1    0    3 1255
     0    0]
 [   0    0    0    0    4    0   18    0    0    0    0    0   93    0
   271    0]
 [   0    0    0    0    0    0    0    0    0    0    0    2    0    0
     0   91]]