Dataset : IP
N times : 25
TAU : 1.3
90.54541906527466 Overall accuracy (%)
89.2770714568329 Kappa accuracy (%)
91.32053381026589 Average accuracy (%)

              precision    recall  f1-score   support

           1       0.30      0.98      0.46        46
           2       0.89      0.85      0.87      1428
           3       0.90      0.85      0.87       830
           4       0.48      0.80      0.60       237
           5       0.92      0.87      0.89       483
           6       1.00      0.98      0.99       730
           7       0.22      1.00      0.36        28
           8       1.00      0.82      0.90       478
           9       0.59      1.00      0.74        20
          10       0.94      0.97      0.95       972
          11       0.96      0.91      0.93      2455
          12       0.88      0.90      0.89       593
          13       0.95      0.90      0.93       205
          14       1.00      0.98      0.99      1265
          15       1.00      0.88      0.93       386
          16       0.67      0.94      0.78        93

    accuracy                           0.91     10249
   macro avg       0.79      0.91      0.82     10249
weighted avg       0.93      0.91      0.91     10249

[[  45    0    0    0    0    0    0    1    0    0    0    0    0    0
     0    0]
 [  13 1210    7   78    0    0    0    0    0   20   82   18    0    0
     0    0]
 [   0    5  706  100    0    0    0    0    9    0    0   10    0    0
     0    0]
 [   0   17   19  189    0    0    0    0    0    0    4    8    0    0
     0    0]
 [   0    0    0    0  420    0   63    0    0    0    0    0    0    0
     0    0]
 [   0    0    0    0    3  719    0    0    1    0    7    0    0    0
     0    0]
 [   0    0    0    0    0    0   28    0    0    0    0    0    0    0
     0    0]
 [  87    0    0    0    0    0    0  391    0    0    0    0    0    0
     0    0]
 [   0    0    0    0    0    0    0    0   20    0    0    0    0    0
     0    0]
 [   1    1    0    0    0    0    0    0    0  938    3   29    0    0
     0    0]
 [   0  117   31   26    7    0    0    0    3   38 2232    1    0    0
     0    0]
 [   4    7    4    0    1    0    0    0    0    5    0  532    0    0
     0   40]
 [   0    0   17    0    2    0    0    0    1    0    0    0  185    0
     0    0]
 [   0    0    0    0   18    0    0    0    0    0    0    1    3 1240
     0    3]
 [   0    0    0    0    6    1   35    0    0    0    0    0    6    0
   338    0]
 [   0    0    0    0    0    0    0    0    0    1    0    5    0    0
     0   87]]