Dataset : IP
N times : 25
TAU : 1.3
99.47222222222221 Overall accuracy (%)
99.36666666666667 Kappa accuracy (%)
99.47222222222223 Average accuracy (%)

              precision    recall  f1-score   support

           0       1.00      1.00      1.00     15000
           1       1.00      1.00      1.00     15000
           2       1.00      1.00      1.00     15000
           3       0.97      1.00      0.99     15000
           4       1.00      0.97      0.98     15000
           5       1.00      1.00      1.00     15000

    accuracy                           0.99     90000
   macro avg       0.99      0.99      0.99     90000
weighted avg       0.99      0.99      0.99     90000

[[15000     0     0     0     0     0]
 [    8 14992     0     0     0     0]
 [    0     0 15000     0     0     0]
 [    0     0     0 15000     0     0]
 [    0     0     0   411 14536    53]
 [    0     0     0     0     3 14997]]