Dataset : IP
N times : 5
TAU : 1.8
99.54333333333332 Overall accuracy (%)
99.452 Kappa accuracy (%)
99.54333333333332 Average accuracy (%)

              precision    recall  f1-score   support

           0       1.00      1.00      1.00     15000
           1       1.00      1.00      1.00     15000
           2       1.00      1.00      1.00     15000
           3       0.97      1.00      0.99     15000
           4       1.00      0.97      0.99     15000
           5       1.00      1.00      1.00     15000

    accuracy                           1.00     90000
   macro avg       1.00      1.00      1.00     90000
weighted avg       1.00      1.00      1.00     90000

[[15000     0     0     0     0     0]
 [    0 15000     0     0     0     0]
 [    0     0 15000     0     0     0]
 [    0     0     0 14993     3     4]
 [    0     0     0   404 14596     0]
 [    0     0     0     0     0 15000]]