Dataset : IP
N times : 5
TAU : 1.8
85.82300712264612 Overall accuracy (%)
83.95943119832987 Kappa accuracy (%)
90.26540803022709 Average accuracy (%)

              precision    recall  f1-score   support

           1       0.62      0.98      0.76        46
           2       0.75      0.64      0.69      1428
           3       0.94      0.88      0.91       830
           4       0.34      0.68      0.45       237
           5       0.99      0.84      0.91       483
           6       1.00      0.98      0.99       730
           7       0.35      1.00      0.51        28
           8       1.00      1.00      1.00       478
           9       0.36      1.00      0.53        20
          10       0.86      0.93      0.89       972
          11       0.89      0.82      0.85      2455
          12       0.78      0.82      0.80       593
          13       0.96      0.94      0.95       205
          14       0.99      0.97      0.98      1265
          15       0.94      0.99      0.96       386
          16       0.57      0.97      0.71        93

    accuracy                           0.86     10249
   macro avg       0.77      0.90      0.81     10249
weighted avg       0.88      0.86      0.86     10249

[[  45    0    0    0    0    0    0    1    0    0    0    0    0    0
     0    0]
 [   0  915   16  273    0    0    0    0    1   11  188   24    0    0
     0    0]
 [   0   16  730   38    0    0    0    0   33    9    0    4    0    0
     0    0]
 [   0   45   16  162    0    0    0    0    0    0    0   14    0    0
     0    0]
 [  20    0    0    0  408    0   51    0    0    0    0    0    0    4
     0    0]
 [   5    0    0    0    0  719    0    0    1    0    0    0    0    0
     5    0]
 [   0    0    0    0    0    0   28    0    0    0    0    0    0    0
     0    0]
 [   1    0    0    0    0    0    0  477    0    0    0    0    0    0
     0    0]
 [   0    0    0    0    0    0    0    0   20    0    0    0    0    0
     0    0]
 [   0    6    0    0    0    0    0    0    0  903   61    1    0    0
     1    0]
 [   1  219   10    1    0    2    0    0    0  132 2010   66    6    0
     8    0]
 [   0   18    3    0    0    0    0    0    0    1    5  484    0   13
     0   69]
 [   0    0    2    1    0    0    0    0    1    0    0    0  192    0
     9    0]
 [   0    1    0    2    5    0    2    0    0    0    0   23    0 1230
     2    0]
 [   0    0    0    0    0    0    0    0    0    0    0    0    3    0
   383    0]
 [   0    0    0    0    0    0    0    0    0    0    0    3    0    0
     0   90]]