Dataset : IP
N times : 5
TAU : 1.8
81.0615669821446 Overall accuracy (%)
78.71607489133389 Kappa accuracy (%)
85.39411007237925 Average accuracy (%)

              precision    recall  f1-score   support

           1       0.37      0.80      0.50        46
           2       0.69      0.69      0.69      1428
           3       0.95      0.84      0.89       830
           4       0.33      0.68      0.44       237
           5       0.93      0.80      0.86       483
           6       0.97      0.98      0.98       730
           7       0.21      1.00      0.35        28
           8       0.98      0.87      0.92       478
           9       0.15      1.00      0.26        20
          10       0.74      0.91      0.82       972
          11       0.92      0.70      0.79      2455
          12       0.68      0.74      0.71       593
          13       0.88      0.82      0.85       205
          14       1.00      0.97      0.98      1265
          15       0.94      0.89      0.91       386
          16       0.56      0.97      0.71        93

    accuracy                           0.81     10249
   macro avg       0.71      0.85      0.73     10249
weighted avg       0.85      0.81      0.82     10249

[[  37    0    0    0    0    0    0    9    0    0    0    0    0    0
     0    0]
 [   0  989    7  257    0    1    0    0    0   63   87   24    0    0
     0    0]
 [   0   18  698   66    0    2    0    0   39    0    6    1    0    0
     0    0]
 [   0   48   15  162    0    0    0    0    0    0    0   12    0    0
     0    0]
 [   0    0    0    0  384    0   98    0    0    0    0    1    0    0
     0    0]
 [   0    0    0    0    0  717    0    0   12    0    0    0    0    0
     1    0]
 [   0    0    0    0    0    0   28    0    0    0    0    0    0    0
     0    0]
 [  64    0    0    0    0    0    0  414    0    0    0    0    0    0
     0    0]
 [   0    0    0    0    0    0    0    0   20    0    0    0    0    0
     0    0]
 [   0    8    0    0    1    0    3    0    3  887   31   37    0    0
     0    2]
 [   0  345    6    3    0    0    0    0   49  201 1707  128    0    0
     7    9]
 [   0   28    5    0    5    0    0    0    1   29   25  439    0    0
     0   61]
 [   0    0    3    0    0   16    0    0    6    0    0    0  169    0
    11    0]
 [   0    0    0   10   25    0    0    0    0    0    0    4    0 1223
     3    0]
 [   0    0    0    0    0    0    2    0    1   15    0    0   23    1
   344    0]
 [   0    0    0    0    0    0    0    0    0    0    0    3    0    0
     0   90]]