Dataset : IP
N times : 5
TAU : 1.8
98.40222222222222 Overall accuracy (%)
98.08266666666667 Kappa accuracy (%)
98.40222222222222 Average accuracy (%)

              precision    recall  f1-score   support

           0       1.00      1.00      1.00     15000
           1       1.00      1.00      1.00     15000
           2       1.00      1.00      1.00     15000
           3       0.91      1.00      0.95     15000
           4       1.00      0.90      0.95     15000
           5       1.00      1.00      1.00     15000

    accuracy                           0.98     90000
   macro avg       0.99      0.98      0.98     90000
weighted avg       0.99      0.98      0.98     90000

[[14995     0     5     0     0     0]
 [    0 15000     0     0     0     0]
 [    0     0 15000     0     0     0]
 [    0     0     0 15000     0     0]
 [    0     0     0  1433 13567     0]
 [    0     0     0     0     0 15000]]