Dataset : IP
N times : 5
TAU : 1.8
98.84777777777778 Overall accuracy (%)
98.61733333333333 Kappa accuracy (%)
98.84777777777778 Average accuracy (%)

              precision    recall  f1-score   support

           0       1.00      1.00      1.00     15000
           1       1.00      1.00      1.00     15000
           2       1.00      1.00      1.00     15000
           3       0.94      1.00      0.97     15000
           4       1.00      0.94      0.97     15000
           5       1.00      1.00      1.00     15000

    accuracy                           0.99     90000
   macro avg       0.99      0.99      0.99     90000
weighted avg       0.99      0.99      0.99     90000

[[14994     0     6     0     0     0]
 [   62 14938     0     0     0     0]
 [    0     0 15000     0     0     0]
 [    0     0     0 15000     0     0]
 [    0     0     0   967 14033     0]
 [    0     0     0     0     2 14998]]