Dataset : SA
N times : 25
TAU : 1
94.4388888888889 Overall accuracy (%)
93.32666666666667 Kappa accuracy (%)
94.43888888888888 Average accuracy (%)

              precision    recall  f1-score   support

           0       0.96      1.00      0.98     15000
           1       0.80      1.00      0.89     15000
           2       0.99      1.00      0.99     15000
           3       0.98      0.99      0.99     15000
           4       0.99      1.00      1.00     15000
           5       1.00      0.68      0.81     15000

    accuracy                           0.94     90000
   macro avg       0.95      0.94      0.94     90000
weighted avg       0.95      0.94      0.94     90000

[[14995     0     0     0     3     2]
 [    0 14974     7     6     0    13]
 [    0    10 14956    33     0     1]
 [    0     0     0 14860   140     0]
 [    0     0     0     0 15000     0]
 [  593  3846   111   240     0 10210]]