Dataset : SA
N times : 25
TAU : 1
95.99333333333333 Overall accuracy (%)
95.192 Kappa accuracy (%)
95.99333333333333 Average accuracy (%)

              precision    recall  f1-score   support

           0       0.99      1.00      1.00     15000
           1       1.00      1.00      1.00     15000
           2       0.95      0.94      0.95     15000
           3       0.89      1.00      0.94     15000
           4       1.00      1.00      1.00     15000
           5       0.93      0.82      0.87     15000

    accuracy                           0.96     90000
   macro avg       0.96      0.96      0.96     90000
weighted avg       0.96      0.96      0.96     90000

[[15000     0     0     0     0     0]
 [    0 15000     0     0     0     0]
 [   38     0 14050     6     0   906]
 [    0     0     0 14972     0    28]
 [    0     0     0     0 15000     0]
 [   50     0   674  1848    56 12372]]