Dataset : SA
N times : 25
TAU : 1
93.20222222222222 Overall accuracy (%)
91.84266666666667 Kappa accuracy (%)
93.20222222222222 Average accuracy (%)

              precision    recall  f1-score   support

           0       0.98      1.00      0.99     15000
           1       1.00      1.00      1.00     15000
           2       0.97      0.91      0.94     15000
           3       0.78      1.00      0.87     15000
           4       0.99      1.00      1.00     15000
           5       0.91      0.69      0.78     15000

    accuracy                           0.93     90000
   macro avg       0.94      0.93      0.93     90000
weighted avg       0.94      0.93      0.93     90000

[[14991     0     4     0     0     5]
 [    0 15000     0     0     0     0]
 [  314    41 13683     0     0   962]
 [    0     0     0 14926     0    74]
 [    0     0     0     0 15000     0]
 [    0     6   393  4213   106 10282]]