Dataset : SA
N times : 25
TAU : 1
94.50555555555556 Overall accuracy (%)
93.40666666666667 Kappa accuracy (%)
94.50555555555555 Average accuracy (%)

              precision    recall  f1-score   support

           0       0.91      1.00      0.95     15000
           1       1.00      1.00      1.00     15000
           2       1.00      0.88      0.93     15000
           3       0.84      0.99      0.91     15000
           4       1.00      1.00      1.00     15000
           5       0.96      0.80      0.88     15000

    accuracy                           0.95     90000
   macro avg       0.95      0.95      0.94     90000
weighted avg       0.95      0.95      0.94     90000

[[14985     0    15     0     0     0]
 [    0 15000     0     0     0     0]
 [ 1503    32 13136     6     0   323]
 [    0     3     0 14870     1   126]
 [    0     0     0     1 14999     0]
 [    0     1     6  2891    37 12065]]