Dataset : SA
N times : 25
TAU : 1
91.94666666666666 Overall accuracy (%)
90.336 Kappa accuracy (%)
91.94666666666666 Average accuracy (%)

              precision    recall  f1-score   support

           0       0.98      1.00      0.99     15000
           1       1.00      1.00      1.00     15000
           2       1.00      0.98      0.99     15000
           3       0.71      0.93      0.81     15000
           4       0.99      1.00      0.99     15000
           5       0.89      0.61      0.72     15000

    accuracy                           0.92     90000
   macro avg       0.93      0.92      0.92     90000
weighted avg       0.93      0.92      0.92     90000

[[14999     0     0     0     0     1]
 [    0 15000     0     0     0     0]
 [  161     0 14701     5     0   133]
 [    0    16     0 13949     1  1034]
 [    0     0     0     0 15000     0]
 [   71     0     4  5652   170  9103]]