Dataset : IP
N times : 20
TAU : 1.8
99.62555555555555 Overall accuracy (%)
99.55066666666667 Kappa accuracy (%)
99.62555555555555 Average accuracy (%)

              precision    recall  f1-score   support

           0       1.00      1.00      1.00     15000
           1       1.00      1.00      1.00     15000
           2       1.00      1.00      1.00     15000
           3       0.98      1.00      0.99     15000
           4       1.00      0.98      0.99     15000
           5       1.00      1.00      1.00     15000

    accuracy                           1.00     90000
   macro avg       1.00      1.00      1.00     90000
weighted avg       1.00      1.00      1.00     90000

[[14979    10    11     0     0     0]
 [    7 14993     0     0     0     0]
 [    0     0 15000     0     0     0]
 [    0     0     0 15000     0     0]
 [    0     0     0   309 14691     0]
 [    0     0     0     0     0 15000]]