Dataset : IP
N times : 20
TAU : 1.8
92.37974436530394 Overall accuracy (%)
91.33933042707929 Kappa accuracy (%)
91.85293446645602 Average accuracy (%)

              precision    recall  f1-score   support

           1       0.25      0.91      0.39        46
           2       0.94      0.81      0.87      1428
           3       0.91      0.91      0.91       830
           4       0.50      0.67      0.57       237
           5       0.97      0.93      0.95       483
           6       0.99      1.00      1.00       730
           7       0.36      1.00      0.53        28
           8       0.99      0.75      0.85       478
           9       0.80      1.00      0.89        20
          10       0.97      0.96      0.96       972
          11       0.97      0.97      0.97      2455
          12       0.84      0.91      0.87       593
          13       0.98      0.95      0.97       205
          14       1.00      0.99      0.99      1265
          15       0.96      0.97      0.97       386
          16       0.69      0.97      0.80        93

    accuracy                           0.92     10249
   macro avg       0.82      0.92      0.84     10249
weighted avg       0.94      0.92      0.93     10249

[[  42    0    0    0    0    0    1    3    0    0    0    0    0    0
     0    0]
 [   6 1159   39  102    0    0    0    0    0   17   42   62    0    0
     0    1]
 [   0    0  754   60    0    0    0    0    2    0    5    9    0    0
     0    0]
 [   0   47   18  159    0    0    0    0    0    0    0   13    0    0
     0    0]
 [   0    0    1    0  447    0   35    0    0    0    0    0    0    0
     0    0]
 [   0    0    0    0    0  729    1    0    0    0    0    0    0    0
     0    0]
 [   0    0    0    0    0    0   28    0    0    0    0    0    0    0
     0    0]
 [ 121    0    0    0    0    0    0  357    0    0    0    0    0    0
     0    0]
 [   0    0    0    0    0    0    0    0   20    0    0    0    0    0
     0    0]
 [   1    0    0    0    0    0    4    0    0  930   29    8    0    0
     0    0]
 [   0   23    4    0    0    6    5    0    0    8 2391   12    0    0
     6    0]
 [   0    1    5    0    0    0    0    0    0    5    0  542    0    0
     0   40]
 [   0    0    3    0    0    0    0    0    3    0    0    0  195    0
     4    0]
 [   0    0    0    0    9    0    0    0    0    0    0    0    0 1251
     5    0]
 [   0    0    0    0    5    0    3    0    0    0    0    0    4    0
   374    0]
 [   0    0    2    0    0    0    0    0    0    0    0    1    0    0
     0   90]]