Dataset : IP
N times : 20
TAU : 1.8
93.81403063713533 Overall accuracy (%)
92.95860735242749 Kappa accuracy (%)
89.56850577803549 Average accuracy (%)

              precision    recall  f1-score   support

           1       0.46      0.57      0.51        46
           2       0.90      0.89      0.89      1428
           3       0.94      0.95      0.94       830
           4       0.41      0.41      0.41       237
           5       1.00      0.97      0.98       483
           6       1.00      1.00      1.00       730
           7       0.68      1.00      0.81        28
           8       0.96      0.95      0.95       478
           9       0.80      1.00      0.89        20
          10       0.95      0.98      0.97       972
          11       0.98      0.95      0.96      2455
          12       0.90      0.98      0.94       593
          13       0.90      0.72      0.80       205
          14       1.00      0.99      1.00      1265
          15       0.93      0.98      0.95       386
          16       0.89      1.00      0.94        93

    accuracy                           0.94     10249
   macro avg       0.86      0.90      0.87     10249
weighted avg       0.94      0.94      0.94     10249

[[  26    0    0    0    0    0    0   20    0    0    0    0    0    0
     0    0]
 [   0 1266    1  105    0    1    0    0    0    7   23   24    1    0
     0    0]
 [   0    2  785   18    0    0    0    0    0    0   24    0    1    0
     0    0]
 [   0  105   18   97    0    0    0    0    0    0    0   16    1    0
     0    0]
 [   0    0    0    0  468    0   12    0    3    0    0    0    0    0
     0    0]
 [   0    0    0    0    0  729    0    0    0    0    0    0    1    0
     0    0]
 [   0    0    0    0    0    0   28    0    0    0    0    0    0    0
     0    0]
 [  24    0    0    0    0    0    1  453    0    0    0    0    0    0
     0    0]
 [   0    0    0    0    0    0    0    0   20    0    0    0    0    0
     0    0]
 [   0    1    0    0    0    0    0    0    0  955   10    6    0    0
     0    0]
 [   5   34   14    8    0    0    0    0    0   40 2330   18    5    0
     1    0]
 [   0    0    0    0    0    0    0    0    0    0    0  581    0    0
     0   12]
 [   0    0   20   11    0    0    0    0    2    0    0    0  148    0
    24    0]
 [   1    0    0    0    1    0    0    0    0    0    0    1    0 1257
     5    0]
 [   0    0    0    0    0    0    0    0    0    0    0    0    7    0
   379    0]
 [   0    0    0    0    0    0    0    0    0    0    0    0    0    0
     0   93]]