Dataset : IP
N times : 25
TAU : 1.4
98.45333333333333 Overall accuracy (%)
98.14399999999999 Kappa accuracy (%)
98.45333333333332 Average accuracy (%)

              precision    recall  f1-score   support

           0       1.00      0.98      0.99      3750
           1       1.00      1.00      1.00      3750
           2       0.98      1.00      0.99      3750
           3       0.94      1.00      0.97      3750
           4       1.00      0.93      0.96      3750
           5       1.00      1.00      1.00      3750

    accuracy                           0.98     22500
   macro avg       0.99      0.98      0.98     22500
weighted avg       0.99      0.98      0.98     22500

[[3666    0   84    0    0    0]
 [   8 3742    0    0    0    0]
 [   0    0 3750    0    0    0]
 [   0    0    0 3750    0    0]
 [   0    0    0  256 3494    0]
 [   0    0    0    0    0 3750]]